1111. IV. 1111111111 111 1111111. 585

111111111111111. &o behemot 111. aes triplum 1111 111111 11
1111 11111111, 111 1111111111; 1111 11111111111111111111191111111111,1.1. ⁸
1111111111 1111 1111 91111111191111911111113111111111111111. 51191. (5281. .

81111111 18. 11111111 111111111111,111111111111111 1111 11111 440
111111111111111111111111111111111111111111111111, 11 11111 11, 1111111 11
11111111111111111111111, 1111111 1111 111 1111111111 111111 1111111
1111(11401311111111111111111. 11111 111111, illa 111111. &h
1111111 111111 11111111 unum 1);111111111 triu 111 1111111 wem
111111 nicht 111 111111111111111111111 111, 11 11111 111111 res 11111111.
Duae res,·qua1tno1· res 11111. 1. 15. 537, suot. 1.

1811111111111111.
1111 1111 &motibus 111 111111.

8111111111. ssemp'ota 111131111111111 111111111111111 man 441
1111111111 &ortum 111 111111 finiti (1.1. 7511111111 1111111 1111111111
1113111 1111111111111111, in 11111111 111 1111111 111 1111111111 1111 111
1116111111 1119111111111111111119 11111. 1111111 111 3111 11111
1111 1111111181111111111111111111, 11 111 ῷ11111111 11111
111111111111 1111 eine 1111111111 111. 311111111113111
1111111111 1111111111 111, 1119111111, 1118111111111 1111
31111111, so 1111111111 11111111 111 2111113 1111 31111 2 Renum&
11111111, 11111111 1111111 ξ. 75 1119111111111111. 11111 1111111111ιῇ1
111Τ1111ρ1111 imperfecta unb 1111111111(1.,ἰ.111111111 imperfectae

1111 perfectae) 111 111 (1111111111, 1119111111111 11111 3111111111. ·

711111.. l. 1111111 111111111111111111 1111 nur 1111 8111111111. Der
6111111111 1111 111111 1111111111. 11111 11111111 1111111111ῧ1111111 gut 1111111111
111111 11111 111111) 1111111 11111111 1111111111111111 51111111111111111 1111111111, 111
1111111111 1111 6111111111 1111111111. >ab 11111 11 1111 11111 111111 1111111
3111111111 1111111111111111111111111111 romum 1. 5. 46⁴„ zu 111 3111111111
11111111 1111 1111111111 11111 111 3111111111 1111111111 1111111111. 11111 111 11111
3111111111 11111 1111111111111111 111111 1111 5111111 111 11111 11111 111191111111 “
ῦ11111111 1111111111 1111111, 1111111 1111111 5. 71 1111182 11111111. Qus 11111111
11111111 1, §- 173, 71. 2.

1111111. 2. 1111111111111111111111111111111111111111111111111 1111111111 111 3111
11111111 111111 1111111111 1111111111 aud> 1111111 5111 111111111111 11111).

-ὑ-ιι--ι--ι--οι

111111111111111111111111111811111111111. 111111 moribus 1111111111 mutatis legibus 11· ·
11111. C. 7111111111, 113. Omne· 111111 manet nox. 1101.0d.1,28,15.

1111111111 11111111 1111, 111 111 1111111111 1111111111111111, 1111111 in 1111111111 11 1111
fiumen«, 1111111111 1111111 3111111111 111 1111111111 111 11111 1111111111 (11111 1111111111)
1111111111. 11111 1111111 1111111 111 1111111111 1111111111 111 11111111111111 11111111.

1

 

