11111 1611111611. 61116116. 1111111611

, 66161. 1161616 116666611111166, 1161116 1611111111) 11 1161661 366116 11666
1611, 1611661111 16 16 1661161161 1111161111 1661611166, 161 161111 111111
166166111161111116111661611166 61161611 1111661 11116616 1661666, prudens

¹ 661666,161666 propitius, fundere 61161666.

1)·1161661166161 11616616161611611111116111166 1166111611 6111611666
11111611116116 166 1111111611 616116 11161616111666616111 111 66111666, 161111
111111 61111, 166, 1616111111 161 1611616111 161 11611611, 616611616111111611166
116116 11116 16111111 1661166 111666. 11111111161611111111111161166 116166 111
111 1611111 111 1111166 1661161111 1616611 1166166616 1661161116 6166 1661111 161
111616161661 611161 611116111116111611 11111166116166 6111111111-
11116611116161161161 161 1111111161 1616615. 116, 9161. 1 ι); - 166166 161
6111616661 116611111611116 1611616661 1. 110, 11661. 1, 1. 611) 61611161.
11116. 6 1. 1 111661161666116116116131611616166 161 66116116 161 11161 -
1611611 61 iu, noqueis 6. 111 16111116111161 61661 1116111161 1. §a 111,
11611111 - 1111611 audivi 66 66, quum 1166661, 161 11611131111161166 116116,
6116, 1166111 - 116161 166 1611111161 1111 166666 ut 6716, 11661.1;-
116161 166 1611611611 1161111111 6611 166 1116661166 1. 611, 11611. 16 - 166166
61111 mulii 11. B. 1661116 61 6161666166) Θ, 1111, 11111111 - wegeu 111 61116
16111 1161111 1. 1. 316 ²); - 1161111 111 16111111 16666661, gentium 6. 6. 161
611 1. 1. 331, 33 - 1111616611 quoad (1161611 ejus 11611 potest) 1. 6. 7⁹2, ’
1161. 2;·- 1166111161666 11 1861161161 111 6111611 gangen 661 1. 1. 1511,
11611. 8, - 1166161 611 6116161166. c. 161. 1161661111611,166, illud 1. Θ.
116. (11111 61611611 611 11111611 116116 1611 1661 Aoo. 6. 1116 116 6 majoribus
6666166661, 16616 populi Romani 6666 16661616 61 661. 1111616131 6161 mit
ut= 116 Periclis dicendi 661166166666116166, ut . . ., quod ille 6661661616·
166661661666 11116161, populare 61661166 61 jucundum videretur. (1061,
11, 161). - -

1) 1116166 161161 6111 bet 1616111116 6166111611), 1661 1111116 161 166 ¹

1161111,16611)6161161, 16611166, 16116161166 1616111666, 616 1111161

, 11661111 611 161111 1161 1616616161161116111111161, 6111611) 16116116 1161111 ,
, 1111111111161111111111161111111111111. 1616116611666111161661 1611611166 ,

16 1666 potissimum sententiam 116611,161661611166661), 1611661166 6166 616- ¹

·166611116661611ο16666 civitatibus. (116111, 1. Cogitate 6666, 1611161111 ¹
(81611111611166611, 16666611166611166 maritimos 161661, quid 61 ceteris ¹

, 1111111661 611 1111 16166, 16666 61 111 66111616111111111 1111 11661611 1611611, 1611611 ’1
1116) 1611 61116111661116666 16166166116661. 161116616111111, 161116 ¹
1611661161 111 1611611161 611 61616616 1616616661616611116, 116 111 1161111111 1111111161
6161616 1616111 1666166 161166, 1616161111, 116 616161661161116 16116 6166 611 616 1111 16

· 1111111111111 11116 66166666 61 jocum 166166 (C. 01. 1111111161 1161666116 dc 1666166661166
661116611666 1116616611. 1, 11. 11611 1111111 16611166 661) 1611 111166166111111166 111111
11111 6111661611 6611161166. 611161 11, 111 111 1616111666 161 1611116 11611 61 ·- 61 661·
116 1111611116 6111111611161111 1. β. 61 16 16111616 6116 61611161 61116116. 0. 01. 1,11 111.
6661166666. 1. m ·

11111611 111 116161 611161611166611111 161 16111 6111, 11611166 1111611611 161 mu 661
1161611111 11111, um 166 1661611 161 61166 16 1611111611. Ignorans 666 6111 uenit 1661.
1661161166. 611. Suo 6111 hune 116116 jugulo. 166111. 1, 1116. Quo 1111111 11 1111
161 6161161111 611166 1111111611 6161116, 1616111611 161 1611 1616116111.

11 1161661161 1111111, 16666, 1116 11611111166111111616 eumanum 1611661161. m
1161 1666111111 1611116111 166 Aee. c. 161. 61116111 1661166 1111. 1111. 1. 161, tw. 1.

 

