1111111 11111111111111111 ’ 6831 ¹

111111, 11 1111111111111 ubet 111 11111111 1111111111 Ι

1
111111’11111 quud nihil 111111, ιιι num. Ρ1111.81111.2,1,18. Νι 111 111111,
1111111111111111111111,1111111113(311111111111111111111).11111111
ιιι 111111111111111111111111111111.0,.11111 111111 11111111111111

11 1111111111 1111111111 1111111111 11111 1111111111 111 11111, 11111
11111 11. 173.

1111. 111111111111111111111111111111111 n& (11111111 ιε) 11

’ 1111111111 un 111111111111111, 1111111111 111 1311111, 11 negas
1111 81111111 1111111111, 1111 nimo (nu-hemo 1111111), 1111111111·
11111),1111111· (ne-,mm nihil (ιιι-111111), nunqnam (ιιι-1111111), nusquam
(ιι-1111111) 1111111111,111111111111111111111),1111111111111111111·
111111),1111111;111111,111111,11111). 1111111111111111111111,11111
quin (= 1111 ne, 1111 11111, 111 11111), 111-1111, 11111111 11111
utut, 1111 1. 1. 111, 111), 1111 (= 1111111111 111111), nuque 1111 111,
11111111, (1111111111 111 111111 ιιι, 11111111 1111 1111111), ιι-1ιῑ-
ιιι ,nuth 11111, 11111 111111 31111111111111111111 11111111) 1111
ιιι, 1111 necopinus, 1111111111, 1111 111 nes· 11 negotium, 1111111, utus
1111111111 111 111 nequo 1111111111 ιιι.

1111111111 111 ιι 111 ιι, 1111111 111 1111111111 113111111111111111 ⁵)
111111111111111111 1111111111, 1111111 1111 111 11111111 1111111111
11111111 11 1111111111 1111111 1. 11. 111 111111111111111111111111111
111111, 1111111 11111 111111 1111111111111 111111 ε11111 1111111111-ι
lis, inprudens, inpotens, 11111111, inpiger. 11111111 11111111 111. 11111.
1111111111,1111111111111111111,111111. 111111111111111111111111
1111111111 1111 ιιι 11 111811111111111111111. 1111111111 111 111
11111111). 1111111111, 1111111111, nescim 111111 1111111111
unt 1111111111. &o 111 inhonestus = 111111, 11111111111111111 = 111111

Ἇ--ψ

1) 1111 11. 11 111 1111111111 111 11111 ιιι 111 11111111 111 1111111111 1111111111
111111111111111111111111111111111111111111,111111111111,11111
11111111111111111111111111111611111111111111111111111111111111111,111

11111 1111111111 111111111111111,11 111111111111111111111111 111 11111111
11111 11111111 111, 111 11111 nint 61111 1111111 11 111.

11111111 1111 111 1111, 111 111 111 111111 1111111, 1111111111.

Md) 11 11111111. 111 1111111111 1111111111, 11 1111111111 uun 111 11111111 ιι niet

111111

11111 11111111 1111111111111111111 (11.11111111111 Ριιιιιιιμ
1111111111 ιιιιιι unedo ιι 11111111 ιιι unu. 1111011111111111111111111111111,
1111111111, 1111111111 11111111.

11111111111111111 ιιι 11 1111111111111 111 1111111111· 1111111111, 11111

111111111111111111111 1111111111.61111111111111111111111111111 su 111
1111111111111111 111 1111111111 1111111111 1111 111 11111111 111 111 111111

mum„ Ιιριιιιιι, 1111111111, [umus. 1111111111, ιι pn ιιι <neuen 1111111111
1111111111, 11111 111111111111111 1111111, 111111 1111111 11111 1111111111111
11111111111111111111111111111111111,111111111111111111ιιιι1ίιι1ιιιι 11111111, ¹·
1111111111 ,ΙιιΙιιιι, 1111111, 1111111111.11111111111111111 11111111111111;1 ἢ. 1111111·
111111111111.

11111111111111111111111 1111 111111111111111111111111111 111111

,1711111111 1111111111. 111 ῦ.117,611111111111111111111 §es
1111111111111111111 1111111111111111111111111.

 

