1
, 111. ι. 1111111119. 1111111. 111

c) (1111111919111111119111111111111111111111111 1111 61111111
111 11111 111 1111111111, 111 1111111 11 11111111111119111111
1111111111 1111111111 1111119111. (C. Or. 3, 50.) 1111111111 11111111 .
1111911 11111111 11111111 Quintilian 9, 4, 93 - 112. 111 1111111111
9111 1111111111 111 11119119 11111 1111111111 111 61111111 111 Ι
&am 11111111111111,1111111111 111 videtur 1111111111911111111
1111. 11119 1111 11111 111 111111 111 1111111 111111 11112, 9, 24.
S. 1111111311. 11191911 111111 11111 1111111111 mit cirtem
61111111 1111 1131111111 11 111111Ε1111, 111111 esse videa-
111 (mm -ν). 11191. Tuo. 11111. 23. Quint. 9, 4, 73. 1112, 18.
111191111111111111911111111191111111111111111111,-ν-,111111 . -
1111 111 11119111, -νν, 111111 1111,11 111 1111169111 111111
1119111111 9111191119 111; 1111 11111111 11111111111111. 21111111
ΞΒ 1111111111 ( ----- 1111111111,9111111111)111111111119119111
1111111 9111911111. ’31 1111111111 111 111 61111111 11111 61111Δ ⁸
11111 91 111911 111 11111111911111111111 1111111 1111191111
911, 1111 11111 111, 1111911191 11111 111111111191111111 1111. v
19111911 1111 11 119 1111111111, 111 11 mit 1111111 9111111111 111111 “
9111111111111111111,111911111111111 111 (1. Θ. 11111111. 7) 1,191.
d) 111 11 11191111111111 111111119111111119111111 11111
, 1111111 1111111111 11111, 11111 11111 1111111111 mit 111111 11111111
(Quint. 9, 4, 72); 11111 1111 111111 (01141182) 11111 11111
111 91111 1111191111 111111 11111111 9111111111. (1111111111 11111 111 ’
1111111111 1111111 111 911111111111111, 11111 Urbem Romam 1
91111191111911 habuere. Τ11.Α.1,1; 111 1111111111 1119111111 ’
111111 1111111111) 111 Facturusne operae pretium sim. 11391.
Interitus nullos ultores esse videbam. (11111196. Senatus Ι
· haec intelligit, consul 11111.,1].1]11.1,1 (1111111111). ‚ob 11111
111 11111111 111111 11111 1111111911 1111 91 9111111111 31111111 91
1111111111, 11111111 1111 111 11111111 91111111 ¹). 111 11119111
11111111 691111111119 111111, 1111111 11111 111111 111 11111111
11111 111111, 11 111 11111111 1111111 15111111, 111 11111 man 111
1111111 11191 11111, 1111111111111111 mit 11111111 9111 1111111111
91111111 1111111, ’

· 11111. 111111 1111119111119 111 11111111111119119 11111911111111
11111111111111111119, 1111111119, 1111111111111111119111 311111111111119
111 1111111111αώ 1111191. 1111111 11111 1191111111, 1111111 11111 91111111

1)· Θ. 1111111 e. 822 111 11111 1111. 111.

 

