1000011011»,
bercoboc 00010001100010100 1010080000 100080.

mco 0000011011 ccciccc 11 &socom 001 concoct 00000, 0001000000 coco 11010
occlto 000 ocum 0001000800 00008100. ioco 000 0000001010 ooo 01100 ooo 10110 cco
001800 noo ooo 0101001000 000000000101 00000 {ooo lrocoo 00000 cccccccccc« 00 ,
00100100 10. 0010010100 ooo 001 oio 0001000 10100000. mooe 0. 000 modom 110.
1001000000 cotom 000 moelcol! 001 01000100 0000000000τῦ0 100000ῠὶ0101 mo

0700111001 's

noco 118 11.
11100 118.
11000 101,11. 1. 111.

‘ 110100 81011. 1.

11010100 85, 01. 1. 111.
11001010 Θ. 133, 81. 1.
11000010 11811.
1000010 118.’
100100, f. 0110.
1110»

0 .
10010 118 1.
1000 128.,
acuo 111.

comm 000, 0, o

1110 1181.

·. 10100 118.

ocimo 110.

’ adipiscor 131.

110100 118.
adsentior 1³5.
11101010 87. 110.

» ocgo-oo 130.

affligo 110.
1000100 101, 1. ’

= ogo 118.

cjo 118.

11100 130.
algeo 117.
1111010 87. 110.

² 110 111.
· 1001100 118. 111.

ambio 111.
1001010 111. 110.
amplector 131.
1000110 81.

1000 110.

y 10000000 111.

100010 110.
1010000 101.
1001000 118.
10000 128.

1000000 113.
10100 117,

orco 118.

cogno 101,1. 111.
10010 87.

attollo 118.
10100 71.
101000 111.
10000 117.
100100 105, o. 1.
100 153. ·
1000 130.
naono 111.
1110 118.
11101100 138.
100010 87.

(hdo 118. ’
caecutio 100.
00010 118.
calceo 87.
011011σί0 118.
calco 10101. 5. 118.

· 011100 118.

011000 130.

candeo 128.

condo 110. ·
01000 128. ¹
0100 118.

0100000 113.

01010 87. 100. 118.
01000 101, 8, 0.

. 01000 101, 01. 1. 118.

0000 121.
01000 111.

01000 118.
cido 120.

’ 01010 153. -

00110 111.
000000 128.

11151011ἶο. ooo 1. ’
clunzo 111.

011000 128. ,
claudo 110.

01000 111.

01000 01. 0110 130.
0000110010 100..
00001 111.

0080000 118.

cogo 118.

0010 111.
comminiscor 131.
como 111.
comperio 115.
compesco 111.
complector 131.
compleo 85 11. 1.
0000100 118.
10111111·
condo 118 11.
00011001. fido.
00081000 133.,

’ confligo 110.

congruo 117.

conniveo 121.
00000101000 110, 11. 1.
conspicio 81. 110.
0000010 111.

contemno 111 U. ⁸
conticesco 111.

0000001000 111.
coquo 110.

00010 1181.
0000 87.

00000 110. -
000000 6. 11, 81. 1. 113.

“ 00001087.

00000 Θ. 15, 81. 1. 113. 0010 110.

ccttc 180.
0100 118 11.

’ 0000118.

cambo 111

 

