8111 1100001101. ’60110100 Ι2111010111 11.

11000 0101000001 senties, 1000 0010 000 modo consul 01 1000010010,
sed magnus 011001 000001 01 consularis. C. 1000116.

1) &onii 0100 110111101101101001 101 000111000100 11010οε
, 10101 00110οῷ0001101 10 1101100 010100110101011 10 0000100.
110100 110 111011 101 110010ςο09101οἐ 1. 1. 639.

11001. 1. 1100 1001001101 0011111 10101001 101 1110110910, 100 910100101
101 11011010010 0100 110 scrinaria. 1100 110100 &ns 10111 10100 1101100
00001101. 110 11010001 010 101100001οτ urb 010 10110010 &aa 11011 green:
101111 0000011100, 10 010 1100011001 10110, 1101001001 11101001, 10 111
1100, 1011011010010101000100011010101 0001 10 01000 000000 18011οε
1100110 01000100 110100, 0111101 101100 001000 110100 000 1000010001
1110011100 &cett 10101. 1010100101 011011 1100, oud) 0000 00 01011 000010
00000001011111, 1000001) 011 1000 1100000 1100100101, 10010001010011
bem 1100000 11001101 1010111001 10 000010ος 1. §. 511, 110001, 110010 101
100 6000110111οη.

11000. 2. 110100 100, 010 001100 110000 011 1100001010 000 si 101000

11001110101011111010101000,000001111000,10100,10101000. Totum 001 100 00, ’

00· 0010 (sc. 10 videro) quam 1110 10001005101001000. C. 111. 2, 22, 5. Nor 00·
001010010100011011, idcireo 10 1011100000 010000 putabunt. 10100110.

11000. 3. 110 1101000100 00011100 1101001110 10 1101100010 0101 10001100
0011011 ir, qus· cet. (0110 0011011 0100111110110101011 01 quis 000. 1010011 sgr.
100 (1010111110 01000, 001 100 1100010100 000 0100. 1101. 1. 111, 1101. 1.
0101000100 qussi 0010 contexunt, 01, siquid (0111101000) inhaeserit, 0001·
01001. 0.Ν.11.’1.18. 1111111. 519, lium. 5.

110001. 1010111001101101001110101 1101110 1001101100 10001100 010 1

100ορ1101 10 100100101110011101001, 10100011 10100 01011111010010 0001100100
111; 111. 1111 bu 0001101100 10 001011 10110100100101100. zm 1010101100,
000 0110100 101001οτ0 1000001011100111011001 01011, 00101 1100 1101110 1101100
1109111111111 1111901011οη0 &5ss. 1100001 avaritia miseroque 00ρί01100 00010011
sunt verbs 01 voees, quibus 1000 100100 dolorem 1000101100111). 1, 1,33,
b. 1, 1. 1. 0. 01 100001100100 genialis 10 0010 0010 011 011 0000 prius, 0001100
011 caelibe 0111; 00· non 001, jurat bene 00110 0000 maritis. 11087. Tu nihii
admittes 10 10 formidine 0000000 011 spes 10110011, miscebis 00000 profanis.
1100110111131). [10000050001ςο0000000010.Το0.1110οι0.2,1,35. 110
0100 0001000 0100110000 10010 parco 000010 00010οῑ00 quinque diebus 011 0001 10
loculis: Hor. 8001111. 110100 01000 11011100 1101101100 1000110110
1. 0. 1111, 1100. 1 0. 1. 111. 30 110100 1100011000 0011 011110000001101
001001000100100 &iren 0101 010 00100010001001011 105011001ἰο 0010 010
· 0010111011 0011110001οε 001101000100. 1100010100 11111111 1100011100110151011001001
fflrbirgungsfssrs 0001001001011000000110, 0011100 0111001001 010001 00100010

0100 , 0100 fid) 0001010100, 1000001 1000 0010101οη 00101, 001 100001 10111. ’

110000110οο 000 remanere post 000010οι0 vides. 000, 01110 011 1), privari 000
beatioris 01100. crassis&

1) 11110 1100101010 0000 10 10101000 61100 010 1000001100.

0) 1010110101 100000) ru 01001 1111100 1000111101 00150001 000 enuit, 10 10101
10, 00000 ru 110 01010000 1011 00 11011100, 110 00111100 1100100100 10001000

1) 1310100 30101 0011100 0001100001οπ 110 1000010111ωο 1100001000 100 tre,

 

