111111. 11111111111111111111. 685

11111111, 111111111111111. Giris 11 . . . 11111111 11 111111 polieba-
tnr‚ 1111 dinam 1111111 vostro, 111 corte silentio. arieto. Admonebat mn
111, 111 111 ioeo intermissionem eloquentiae, 1111111111 interitum, deplorarem.
tenete. Non dienm 111 iton 11111111111111111111111 11111111 11111111, 111)
1111111111111111111111 ne 1111111 111111 1111111111111,11111
1111111111 1111 11111 111 11111111, 111 1111111 111111, gum 11111111 ¹).

111111. 1. mett 1111 111111111111 ne o. 01111. 111111111 1111 1111 111111
1111111111 1111,11111111 1111 1111111111, 11111 1111111111 11111 1111111111,
1111111 11111111 1111111111, 111 1111111111 1111 11111. Dum ille ne 111,
11111111 noro nolo, 111, men 11111, quilebet. 11111. Trin. 1, 2, 131. 111-
111111111 [111111 Peripateticis, 1111111 ploret, 111111 111 tardarent iroonndinm.
C.0i.i.²5. Quare 111 1111111111 1111111111111111111111, dnmmodo 11 m “
norietur 11111111,111 conservetur aequabilis. c.Q.rr.1,t. 111111 modo 1111 ’
dnmmodo 1. Gonj. 11 1111111111 1. 1. 111, Q. 1.

3) 1111111111 megaron 111 haud, 11111111, 111111111111111, 512
1111181111111111111111 11161111111111 111. &t 1111111111
1111111 11111111111111111111111111111, 111 111 11 111111 mins
11111111111111111111111 111 euolog. (11 1111 111111111111111
1111111111 1111111111 1111, 1111 1111111 111 1111111111111111
1111111111 in·, 1. 1.)1 1. 111. 111111 aequus = iniquus. 61 1111111
11 11 1111 11111111 (bod) 1111111111),1111111111111111111,11111 .
1111111111 1111 111111111111111111, 1111 quisquam, ullus, un·

111111, 1111111111111.

Haud 111111111111111.0111111. 111111111111111111Τ1111.111,
11.11111111111111111111111111,11..1.112,18.11111...111111111111111111-,
1111111111 1111111111 11111111111111111111 11111,1111111.1,811.

111111. 1111111111 11111111 11111111 1111 1111111111111111111111111·
1111111111 1111, 1. 1. 1111111111 2111111111 111 1111 111 111 11111111 111 ite·
111111111111111111, 111 1111111111) 1111 ii 11111, 1111 1111111111 ’
1111111111, 11 111111. 11. 111111 1. 1. 1111111 nod) 1111111 1111111111
11111, 111111111111111 11111111111111111111, 1111 111111 11111, 1111
1111111111 111111).

111111. 2. itm 1111111111 11111111 1111 11 11111111 3111 1111 11111111, nm
11111111 111 111 1111111111, 111 11 1111111111111111 4). 1111 111 1111111111
1111111111 81111111 1. m. 1111111111, ==neseionm 1111111111111
1111111 1111 11111111111111111111111, 1111111 111111 1111111 1111111111
1111111111111111111111,1111111111,1111111,11·,11111 11111,1111,111,1111111,

'gi purgor, 11111. met 1111111 1111 11111111 111 1111111111 111111111111
11111 1

Ι“·--ιι-ι-ι------

lt 11111 1111111111 oron 11111 &moret 111111, 11111 111111 11111111, mot oum 111 111
1111111111111111111111111111111111. 11111111111111111111111, 111 memoratoria C. 11111·
1111 11. mir 1111111 1111111111 1111111111 111) 11111111 1111111111.

11 neronom 111111111111111111111111, mie: 1111, opinor, dubito, nrnonttor3 1111
111 mouent: 11111111, remotim 1111· 111 1111111111 1111111111111, poenitet, 1111111.

11 &- 11111 111 1111111 otor. too. 111111 bono 1111111111 ι1111.

11 11111111 111111 1111111 1111111111 ouo) non 11111111111111111111. ,

 

