⁶22 11111111 11111. 11111111. 1111111111.

111. (1.111. 1,11. ·- 1111111111 111, 11 1111111111 1111111 me, 11111111
11111111 eapientem. (111111. 117, 111, 11111 erederet, 1111111 111.. nen

111111 1111111, 11111 1111111 111111, 11. 111, 11. 1.

4) 11111111 111 1111111111 1111111111.1111., 11111
111, 11111111 111 11 ciuem (31111111 111111, 111 111111 1111111
aliquem 11 1111111111 11111111 111.

Nihil praestabilius videtur , quam 11111 11111111...1111111111 1111111111,

111 velit, unde 111111 1111111111111.(10118130 ι). 1111111111 inquit 111

11111111111111 1111111111111111111111, 1111111. 11111111 enee:
11111111 1111,1·1111’1, ’11111111 istie 11111111 verbis. 1111. Sem, 111. 111-
mini, 111111,1111111 ne 111111111101111112160.

467 91111111. 1111111111 11111 111111 1111111, 11111
111 111111111ῇηί11 11 1113111 1111111111. eine 11111111 111·
’1111 1111111111 1111 111 111 11111111111111111 11111111 1111.
1811. 1. 154. eice 1111111111

1) 1111111111, 111111 1111111 1111111ι 1111 1111111111111,
11111111· 1111111111, mie fulguret, 11111, reret, 11 11111. 1. 11.;

1. 1. 1. 1. θ.

1111. 1. 11111 1111111111 111111 111111 11111111 111 15111111 111 111 111 ³
111. 1111 Jupiter 11111, 11 1111111 1111 111 111111 111 1111 111 1111111111
1111 1111 11111111 11111 1111111111 111, 1111111111111111 11111 &ebio
1111, 111 1111 11111111 1111111, 111 11111111 1111 111111 11111111 1111111,
11111 111111111111111111 111 1111111 ist. 311 1111111111 11111111 1111 111 111
1111111111 1111111111 11 111 11111111 1111111111.

2) 111111 eine (11111111111111111111111111111111111

piget, pudet, poenitet, taedet, miseret, 11111111111111111111111-
rescit, 11 11111111 11111111, 11111, 1111111111, 1111111111 1. 1. 155, 1
1111111111 1111111111 11111111 1. 350.
’ ι 111112. 6111111111 1111111111, 1111111111111111111111111ῦ1111
111111, 111 1111111111 11111 111 (1111111111, 111111111111111111. 1111111
111 11111 1111111. 111 11111111. 1111111 111111 1111111111 1111 1111131111
111 1111 1111 11111 1111111111 1111111111 11111, 111111 111111 1111 111 &uer
1111111 1111111111 1111111111 1. 1. 111, 11. 1. 111111 111 1111111111 1111111 ,
“ 11111111111111 111 111111 1111111111. 1111111. 11. 1.
11111. 1. 1111 11111 1111111111 1111111111111111 111111111111111, 11
1111111 1111111 1111111 111 1111111111, 1111111 111 111111111111111111. e.
111. 1111 1111 611 111 95111111 111111, 1. 23. Juvat, 111111 11111111 111-
11111,111111111111111111111111, 1111111, 11111 11 1111111111. Apparet, 1111
1111111111 1111 nates. Reliquum est, 111111111111111111. 11111111111,
1111111111, libet, 1111111, 1111111111 11111111 (1.1. 1551111 151), 1111111111
11111 11111 111111 1811111111 11111111.

ε yn? 111111 1111111111 1111111 111111, 1111111. 1111 11111 111111 111 tm 1111·

 

