111. 111. 1111111111 111111111111111, ’ 577 ,-
111111 1111111111 111 quale, = 11 11111, 111 1111111111 1111111111

11111. 11..11111,7,28(111111). 1111111111111111111111111
1111111111111111 111 (hisceres 1111 1111111111) 1111111111

1111111.111111

Pisto scripsit, 1111111111111111 1111111111 111111,1111111111111111111
1111111111111111. 1,1.11111111111111111 111111111111111111. 1111111.
Eventus 11111 qualia 111 1111111, as 111 quidam dubitatis. casa. 11119, 39.

· ’ 111111. 1111 1111111 1111111111 1111111111111111111111111111111 ,
1111 1111111111111111111111111111, aas 11111 1111111111 1111111111111. Formae
1111111111,111111111,ν11 qualeslibet. C. N. 11131111 relativas qua·
liscanque, 1111 1111 11111111111111, 11111111111111111111, 111111
111111111,(1.1.1.139). 111111111111, qualescanque summi civitatis viri
inerint, 1111111 civitatem 1111111. C. Lag. 3, ii, 31. 1111111111 1111 11111111
11111111111111111111. Carmina 111111 commendat 111111 qualiacunque sona.
0111119811).

111111. 2. 11111 111 (11111111,111111111111) 1111111 111 11111111
1111111111 111 311111111111111 111111 11111 1111111111 1 111111 (1111111111
1111, 1111111111 1111111, 111 11 1111111111 1111111 111 1111 1111111111,
1111111111 1111111111111111. Quis 111111ςὶ1111 1111011111. (11161111111
(1111111111 = 1111 111 111 (Saittai) 1111 ephebus 1111119111111111). Τ11.Ε11.
1,1,1. (9111111111111111111) qaam Pisonem? quod 11111 11111111 cogis
111, inquit, 111111 inimicam 1111111, Frugi. G. 11111. 13, 99. Scribis 11111111
11111, 1111111 reipublicae 111111. C. Fam. 1, 7. 111. Scire vis, qva quisquo 11
11 111 111. 111, 11. Sa 111111111111111111111111 is- 111 1111111111). Ego 11
1111111111, quem 11 ms 1111 vis. 111111, (= fa-umie). 1111111.
C. 011, 13, ii. Ut 1111111111 11111111 simas, 111111 assa 1111111111, 111111 111
ipsa vis maxims 111, 11111111 11, 1111111111 velimus, 1111111111111 praa·
11111 111111 1111.

1111111111 111111 11111111111111111111111111111111 111 111 1111111 11111
1111, 1111111111111111111111111111111, 1111 111 1111 11111111 111 11111111
1111111, 111 11111 11 11 1111 1111 1111111111 &tatis sus-C. 11111.13,11
ῢ111111111111111111 ffitinamtn 11111111 11115111 qai 11111111111111111111111-
111, 111 111111 qm's esset, 111 111111 qualis esset. 1111111111 hient 111111
11111111 11111111111111 qui 11 111111 11111111 1111111111 111 9111111111 111
Β1111111111111. 11 primis constituendas 111, quoa 111 11 quales 1111 velimus.

11 1111111111111111 111111 1111111111 111 111111 1111111111 1111111111111111111111111)
11111111, aber, 111111111111111111 11. 1.), 11111111, 11111 1111111111 1111111 Gran&
11111111111111111111111111111111111111. 011111111111,111111111111111111,
1111111111111111111111111111111 1111111111, 1111 aad) 11111111 1111111111, 111111 1111111
miingis‘iiiaiia 111111111111111111 1111111, 11111 1111111111 1111111111 111111 11
1111111111,111311111111111 111 11111111 111111111111111111111 11111111111111111 1111111111
omn-'iiiam 1111111111 111 11111111 1111111 hurd> 11111111 1111111111. 1111111111) 11, 11111
1111111.11.111111111111(111111111,11111111111 1111111111, 111111111111111,
11111111)111111,111111111111111111111111111111111111111111111111111111

111111111111111·
a escaticum 111. §salmantinam 11 1111. 31

 

