7777. 77. 77777777· 777 77777 7777 77. 7777777. 777

, 77777 777 77777777777 777 7777 7777777 7777777777, 777 7777·

7777777 7777777777 77777777 77777777

07777777 77777, apri 7777777777, mm 177777 77 tumtur. ammo,
777. Lycurgus legen 7777 7777777777 Apollinis 7777777777 7777777777. G. Div.
7,73. Man· mpero 7777777777 ltalia cingitur 7.7,.77

77777. 7777 77777777 7777, 77777777 77 7777777 77777 77777777 mitb,bt=
77777777 7777 77 7777 777 7777777777 777777777, 777 777 7777777777,
77777777 cum 777 7777777 77777 777 777 777 7777777 7777777777 77777, 7777777777
77 77777777777777 7777777777 (7. 7. 777), 777 7777 7777 7777777777- 777777 777
7777777777 777 777, 77777 777 77777777 7777 77777 77 77 ι), 777 777 a, 77777
77777 777 77777777 777 77777777, 7777777 777 77777777 7777777777 7777777 77777
7. 7. 777, 7 777 7. 777, 7. - 7777 7777777777 777 7777777777 &abian 7777
77777777 77) 77777777 777 777 7777777 7777777777 77 777 777777 7777777, 77777
777 77777777 7777 777777, 77 777 7777777 mita, 77777 77 7777 77777 77 7777
7777 777 7777777777 77777777, 777 7777777777 777 77777777 777 77 777 Va
7777, uicaria, 717777 interficitur 7117777. Venenum, 77777777, 777 inter· ,
ficit 77777777.

777 77777 777777 7777777 777 77777777 777 77777777 77777777 390
mer 77 777 7777777777 77 7 d)

17777 7777777 7777777, 77777777, 7777777777, 77777
77777, 777777, 77777777, 7777777777, 7777777, 7777 777
777 7. 777. 777 77777777 77777777 &a 7777 777 777777777777777· ·
praeditus, onustus 7 777

Asticus Athenienses universossmmento 77777777. 17777777. mmm
7777777 snmus 7777777777) 77777 777777. 7717777, 77. 77777777 officim 777,
comitio 7777777777 juvare. Α. 77777777. Senes multi 77 agri 77777777 77
7777777777 mmo. 7777777 77777 7777777777, stipendio, 777777. 8777777. ,
77. 0777777 7777 77 77777 777 77777777 perturbata 77 confusa 7777777777. cdliv.

7, 77. Vama, 77777 summa ungium 77 aemma 7777777777 praeditus. (7
cluent. 77 ,

777777. 7. 7777 77777777 7777777 e. 777, 777777 7777 777777, 777777
77777777 8777777777, 7777777 7777 7777777777 7777777777 7777777777, 71.
777777 aliquan 777777, 77777777, 777777 7777 7777, 7777 77777777 7777777777
injuria, 7777777777, 77777777 7777777777, 7777777777; doloro. molestia, laetitia,
67777777, 7877777777, 777777 7777777777, 77777, supplicio, 77777777, 77777,
7777 7777777777 7777777777 affini 7777777777, 77 7777777777 7777777 777
7777 norbo, 77 7777 777777 777 7777777777, 77777 7777777. “

77 67777 77 7777777 77777 777 77777 77777777 77 777 7777777777 777 777777 7777 777 777 .
77777 7777777777 77777777 777777. 77 7777777. qm mn 7777777, 7777777777, 777 ’
a 7777777777 convenerant, 7377777 murum sonumque 777777. cmm. 67 7777777777 777 777
7777777777 mmmmm, 777777 77777 77777777 7777 777777 cum 7777 7777 7777. 7777.
2⁹3. 777777 77777777 777777 77 Aspara 77777 777777 enit 077777. C 7, 77. metato 77 77777777 7777
7777777777777 7..7777,7..777777777,7.

7) 777777 7777 77 77777777777777 77777777777 77 777777, 77777777 777 7777777777-
777777 7777777. 77777, 7777777 ,777,7777 erudio. 77777 7777 777777 nn 777777

 

