⁸ffieigaben. ·1. 1111111 &sutem 11111

1111111111, 11111 111111 11 111 11 1111111111 111Ι 1111111
111111, 111 11111111 1111111111 1111111111, 11111111 1111111111
1111 111 1111111111 1111111111 111 1111111 11111111, 11111
111111 1111111111,111111)111111111111 1111111111 1111 111 1111111

1111111 11111 1111111111 1111111. §aierem 11111111111111111
1111111111 111111111111111111 11 1111111111111 111 1111
1111111111 1111111 111111.

1. 31 111 11111111111111 11111111 1111111111111111

11111111 111, 1111111111 11111 1111111111 1.11,111111111,11111111
litte 9111111111 111 tritam 11111111. locun, 11111 1. 111. 11111,1,1,111
1111111111.1.27,1,-· 2) 1111111111, 1111111111 11111 1111111111
111111111611111 1. 11, ,111111111111111111111 11111111 1111111111. Virg. 1111.
8,27.- 1111111111, 1111111111111111 1111111111 1111 11111 11111 .
111 111111 1.1.111111)1.1111;1.1.111,1(11111111111111141.
111,1,11111. 1. 27, 2, 1). -· 1) mutamus, 1111111111 11111
(1111111111 1. 18. relligio, 11111111 1. 1. 21,1.- 1) 1111111111, 111111
111111 1111111111111111111 11111 11111 1111 11111111 111 1111111111 1. 1. 21, 1.
- 1) 1111111, 1111111111 11111 11111111 1111 11111 11111 11111 11111111
111 motum 1. 1. 11. 11111. 2. - 1) 11111111, 1111111111 1111111111.
111111 1111 ,11111 61111 11111111 111 11111111 1. 1111111. - 8) ,11111-
mm 1. 1211111112- 1) 1111111111 f. 1111111. 1111. 3. - 11) Tmo· ·
111, 111) 11111111 11111111 11. 121, 11111. 1. - 11) 1111111111, §Bm ·
11111111 11111 1111111111 1111 111111 111111, 1. 1, 111111.1111;111111)1.
1111111 Ι1111111 11. 11111111 11111. 1. 29, 11111. 2. - 12) Μ 1111111111,
1111111111 111111 1111111111 1. 1. 21, 11111. 1.

11. 1111111111111111111111 11111111 * 715. ι

1) 1111111111, 1111111111 1111111111 1111111111 11111 11111111, '
1. 111111 1111111111 11111111 1111111 proprium. 111 1111111111 mit 1111 1111
1111111111 111111ςηί 1111 11111111, 1111111 111111 11111, omnia Ciceronis
(ι mea) 111111 Trebiano (ε tibi). C. Fam. 6‚101). 81111 (a 1111) 11
111111111111. Hor. 011. 1,2,41. 2111, 12911111. - 2) ,1111111111 ⁹),
111111111111111111,111111111111111111111111) 1111111111 111 111 11
11111 1111 1111111 11111,11111111111111 11111111111111111 &prada 11
1111111111 1111 1111111. 1. 1111111111 111111 111 1111111111· 1,.11111 111111.
1229111111 112, 1111111111) 1111,1.--1)11111113111111111111“111,’
1111111111 111 1111111111 1111111111 11111 111 1111111111 1111 11111111 ·
1111 1. m. 11111. Romu.- 1) Hypanim, 1111111111 111 1111111111
11111111 111 2111111111 1111111311111 1111111111 divitias 1. 1111111111·
1111111 11111111. 111101. 3, 1, 11 ⁵). Maiora 111111 rerum 1. 111111 11111-

1) 1111 01111111 1111811111111 1111 11111 1111111111 1111111111 111111111111

1) tuo 11111111 mum 11111111. 11111 11111 1111 1111 11111, 11111 111111111111111
1111111111 111 11111 11 1111 111 11111111 1111 11111 111 1111 1111111111 111 11111111
6111111 111 11 1111111111,

111111 111111 11111 1111111111 1111111111 pamm 11 1111 11111111 111111·
1111111111.. ,1111111111 111

 

