181 11111111. 11. 111111 111ιί11111 11111111.

111111 11111) 1111111111. 111111 1111 (1111111111 11111111 111 111111 61111
111111 111 111111 111 1111111111 1111111111111111111 111 1111 61111.

11. 1111111111 111111111111111.
ὖζυζ-1.’.υυ.’1υ1.’ .
1111111111111111111111111111 , Α
111 1111111111 1111111111Ω111 11111111 111 1111 11111111 111111.
1111 (1111111111 11111 1111111111) 111111 1111111 61111, 1111111 11111
1111111111111111111111 111 (01.1, 1111. 1151. 11. 11, 11, 11, 1v‚u.1⁷)
11111111 11111 11111 111 1111 1111111 111 1111111(01.1,11.11)111111>11111
1111111. 111111111111111111 1111, 111 111 61111 11111111 111 11111111 111
1111111 11111 1111111 1111111111 (01.1, 1,11 1. 1, 11). 1111 1111111111 1111
111 11111111 1111 1111 1111 111 11111111111111111111 1111111111 6111111, 1111111

1111111 111.ι111111ι111111111111111 (1. 5. 711 1111 1113, 1), 1111111 1111
1111 111111111111111, 111 1111111111 11111 (1111111111 111111111111111

1111111111η..---.1..-.σ1
Ι 11. 1111111111111111.

33 11111111111111111 1111111111111111 11 11111 11 1111111111 1111 1111
11111 1111111111). 1111 11111111111111111111111111 11111111 111 111
11111111 111 tine 1111111 indifferens 111 ὕ1111111 bet 1111111 1111111 &tett 111111
laun, 1111111 111 venua anymrteti. Ι ,

1. Versus Aloaious decasyllnbus. (1111111111 dactylicus.)

.υυΙ .’.ὐυυΙ..

1111111111 agimtur 1111.
11111111 111 111 11 111 1111111111 6111111111 111).

2. Versus ArchilocHus major.
-a1-23'01.'212'-w¹.‘u.v12w
81111111 11111 hiems 11111 vico 11111 et Favoni.
. 1111111111111. «111111 111 111111 1111111 111 1111111111 111 (1111111111.
11111. 1111111 1111111 1111111 1111 1111111111, 1111111111 11 11111 1111
1111111161111111181111111111111111. 1. ss·

Versus Elegiambus,

1. 1. 111 vm 111111111111 minor (1. 5. ⁷2⁷, 3) 111 111 11111111 inbias.
. -Ινν-’νυκ Ι e-:v-v-'v-
' 11111111 11111111111111111 1111111111 gravi.
1111111111 ώ11111111ι promorat 1111.
Liber· 11111111, Ι 111 contumeliae 111111.

⁴ ² 111111 1111.1111111111111111111111111111111111111111. stt 1111111111-

tatus, 1111 1111111111 111111 1111111 11111111

W? „zamma 1111 11111111 1111111 111 6111111 111 Mum m (1611111

 

