101 11111111 11111. 11111111. 1111111.1.

1. in. 111111 epistolam 11111111111111111 11111111 1111111111, 1111111111
311111111111111111, lego epistolam 1).

11111. 1. 111111 111 1111111111 casus obliqui (1111 111111111111111111 i
111111)1.1.171,11111. 1111111111 111111 1111111111 111 1111111119). 11. i
11111111111111111111111111111 11111 111111 11111111. 1111111111 11111 11 ’
111111, 1111111 111 1111111111 1111 1111111111, 11 11111111 1111 11111, 111
1111111, 111 1111111 1111111111 1111111, 1111 11111111111111111111 1111
11111 1111 1111111111111111 1111111111 11111. iiio 111 11111111111111111111111
11111111 1111111111 1111111111 11111111 111, 11 111111 11 11111 1111111111 111
111111111111111111111111, 11111111 1111111111 1111 1111 11111111111111111, .
. 1111111111111111 11111111111111111111111 1111. 1. iii. Urbem, 11111111, 1111.

cic.1³am.2,12. Tityro, 1111111111. 1111111113, 20. Equo 111-1111111,
1111111 1111111111. 1111111111 1111 1111111111 1111111111. 1111111111.
1111111111111111113111111111111111111111,1111111111,111111
111111111111111111111111. i, 515. liciti iiittntiionen 111111 11111111 1111
111 111111111111111 111 11111111 1. 5. 11111. 1111111111 1111111111 11111111

1. 1111111111 111111111111111.
[Α. 111111111111111 11111111111111111.
ι. (1111111111 1111111111.

303 8111111111 111111 111 11111111111111111 11111111 1111111111
111111 1111111, 1111111 11111 1111111111 1111111111, 111 1111111111 einen
(11 1111111111 11111111, 1111111 11111 (1111111111 1111111111,
11111111) 111111 11111 11111111 1111111. 11111 111 111 111111 trani:
11111 (1.1, ’11)3). 111111 11111 11111 11111 11111111 1111111111
11111) 111 11111111111111111), 111111 1111111111, 1111111111

· 11111111 1111111 11111111111111 in 1111 Acti· societatis 0111111, 1111. 1111 111. 1. p

1) cr 1111111111 11 11111111111111111111111111111111 111111 61111111 11111111 1111111
111 11111111111111111 (111 1111111111 111111 111111 11111 111111 11111 11111111 111 111 111111τὶ111
11111111 1111111111 1111111111), 11111111 1111 111 11111111 11111111 11111.

11111 1111111 1111111111 1111 11111 1111111111 1111 1111111111 1111111111. i 1111111111
1111111111,111111111111111111111111111111111111111111111111111111111111111.
1111111111 1111111111111111111 111111 111 111 1111111111, 11111 11111111, 111 111
1111111111111111111111 11 11111111111111 111 61111111 111 1111111111. 1111 11111111
111111119111111111111 111111111111111 11111 mit: 111111 1111111111111111111111 111111111111111111
1111111111.1111111111111111111111111111 1111111 111 11111111111, 1. 1. 111111, 111111
1111111111ιί1 111111111111111111111111 1111111, 11111111111111111 1111116111
1111 1111111111 1111 1. b. dormio, 11111, curro. 111 111 1111111111 1111111111 111 11111
111 1111111111-11111 intransitiva 11111111 111 111111111111111111111 1111111111 1111, 1111111
11111111 1111 1111111111 1111111111,1111111 1111111111 111 1111111111 1111111111.

‹ 11311 1111 1111111111, 111 111 1111111111 111111 111111 111 111 111111 1111111111 tii
11111111111111111111111111,11111111111111111111 11111) 11111111111111111111111111111
’11111111111111 ·

 

