6³8 1111111 11111. &naehta 11111111.

11111111111111111111111181111111111111 1111111111 1111111111 11111111 .

1111111111 111 111111 111111111111111 1111111111 a h'rmndo 1111111111. G. ’11111
1111, 111 11111 1111111111 (a 111 11111111 111 111111111111111111111111
11111111111111. 61111111 11111111111111111111111111111111111111111 111.
1111111111. , · ³
111111. 2. 11111 111 1111 1111111111 1111111111 1111111111 1111 3111111·
111 1111 (1111111111 1111 111111 111 1111111 11111111111111111111111111111
1111111111 11111111. 11111111111111111111111111111111111181111 111
-1111111 mit 111, 11111111111111 111, 11111111 11111 1111111111 1111111111 (fletum ,
11111 1111111111, 1111111111111111111 111111111111 1111111. Θ. 1. 1. 1111.
11111111111111111111111111111, 1111111111 1111111111, 11 1111111
1111111111111111111111111111111111111111111111111111. 1111111111) 111
1111111111 111 1111111 1111111 1111111, 1111 111 11 11111111111111111 91111111,
1111111 1111 111 31111111 111 111111 1111111111· 1111111, 11 111111 11111111 Seu
111111111111ῦ1111111 111 -111, 11111 1111111111 11 1111 11111 11111111·
111 11111111111111111111111111111111111 1111111) 1111111111, 111 11 11111
· 1111111111 1111111111 11111 11111111 11111111. praedatum 111 111111 11111, 3
1111 111 111 praedandum, 1111 steilo 111111, 1111 ad 1111111111.

486 91111111 Ξ. 111111111111 11111111111111111
¹ 11111111111111111111111111111111111111111111111111,11111 ⁷
Equidem efferor studio patres vestros videndi. C. Sen. 23. &busso ’
1111, 1111111 11111111 ῧ11111111111111111111111 -111, 111111
1111, 61111111 1111111111 111111111111611111111111 (118.
11 11111111111111111111 111111 1111 1111111 11111111, 1. ’1. 111111 ³
1111111 111111, 11111 11111111 1111111 1111111, Athenas ¹
erudiemfi gratia 1111111· 11111111), 11 111111 11111 1111111151

1111111 11111111 1111111 1111111· 111111111111111111111.

emendo· 1111111 11111 1111111111 11111111. (1.1’111.1,18, 1111 6111111111,
M. 1111 11111111 111 1111111. Αάε111111111111111111111111.1111111111 11111- ·
1111. 11111111. 8111 restituendo· 11111111 urat. 11111211, 1111111 1111111111
1111111111 1111 1111111111111111111. Ceteris, 1111 moventur, 1111 fons, 1111 prin·
1111111 est movendi. 111111. 123, 111 1111111111, 1.1’. 111 111111111111111).
Quare 111111111111111111 111 parendum 1111111 11111111 1111111 11111-
bantur. 1111111125 (= 111111111111111111111111, obet 111 tibi imperetur).
Memoria 1111111111 11111111. 11111111,2,1, 1111111 11111111, 1111111111 111 111111
111111. 11111νί11111 vivitque 11111111. 1111111111311511). zubemtiuge
Β111111111111 11111111 11111 111111 111 (1111111111. 1. §- 11111. ·

11111111111111 1111111 11111111111111111 1111111111 1. 11111111 11 1111111,
61111111111111. 1811, 111. 117. 11111 1111111111 111 (1111111111 111 1111111111111111111
1111 1111 1111111111 auf -oun autumnalia> 11111111 1111111111 111111 11111, fo 1111111111
11111 1111111111 111 1111111111 1111111111 111111111111111111111111, 111 111 111111 111
11111111 111 111111111111 11111111 111.

11111111 11111111 111 111111 111111 11111 11111111. p. 111 steph: 1111111111 1111χή
11111111. ·

31 11111 Tacitus Genu. 111 Unus 1111111111,11111111111 emptionibus, 11111 11111111 m pv
111111, 1111111111 11111111, 11111111 111 1111111111 111111, 1111111111, 111 11111111. »ab
1111111111111, 111111111111111111111.

 

