428 2111111 00111. 0100011. 1101101. 1.

moi 111111 11110 1011111 111 1110111111 Domitianus 11111 posuit, 111111 neos
in 11111111111111111.7111111171,1111011110111111111 111 expressa
1111111111) ε 111111111111111 11111, 1011.11 111 expressi 1111 mus,

1 11111.0.1.11111,11 111111111111111111111· 00111110· 01111111111111111- 1
1110111111.11111. 1111. 0, 1001).

2111. 2. 110111 1101001 010 011 11111111111001101111101101111
111, 111101101010111 011 011 1011111 011 1011111111 1110 1101111 2111111101
1110101100110110,10111 111, hoo, 1111111111, 1111111101111, quidquam, 111111,
1111111111,11111111,111111111,1111111111, nimium, minimum, ceterum 1011 ,
111111, 11111111ς 101111111111111101111111111 11111111 1011 0111111101 (netz
1111111111111111;10211),111111. (1111011115. 301, 21. 2.) zm 21110
1011 111111 00 0011 2011111111 11111011 11101 11011110 1001111011.

1011111111, 11 11111 0111111111 1111111111 aliquid 1111111111. 11111111.
10. 1111111111111111111,1111110111111111111.(111111.081). 01111111
11111111 11 accusavi. (21111111. Τ111111111111111111 1111. 111210. ·
1111111111 11 1110 imperium valuit. 1111111. 5. 11111111111111οη11. G. Agr.
3,3,13. 11111111 qua 111111 duxit 111111110111,111111111111. 1111. 011. 1,2.00.
A 11 1111 111111111111100011111) 1111111 111111. 0111112, 1. Magnam

· 01111111111111011111011111111 oratio. C. 01. 50. Suam 1111111 officio
11111111.11.1,0.11111111111111811111111111 111101111111111111111111
111111111111111. 01111011. 8111111,1111 11111111 11 11οο1111011
111111111111111111111111111111. 11112, 11, 30.

’111111 11110 011 11111110 0001 1110101 11111 1111 1110 11 temporis,
11111101,1111111110111111111,111111111111110011010011111011111111011011
0111111100101111111011111111 (intempore, 1111 generis 11. 1. 10. 11 11111111
omni 1110111111111110 111111 1111111111. 0, 1, 1.

212110011111191111111 010 0110 1001111101 10101111 110 1111110
110011 1101111101 111 0111110111, 10111 id 111111 111111, 11οωί1101111 11111111, im·
ponitur. C. 01. 1, 17, 207. 0111111111 1111111111 111111111111111111. G.
111.2,07.111111’111111111111111111.11111. 11111211. Pavones 111111
1111011111ωοδ1111111111111.1’111.11.11.3,0..

0. 1011 2111111110 011 mammam ffitftimmuussm 111 21110111
0111111010010111111. ,

324 8101110 6 &o 110 011 0112111101 cinea 00110 1110 011

201οτ111111 1011 2110101111· 111 0111111 101111 0113111 11 gemis:

1111 211111 01111111 01111 111 0111 20111101 0111111101, 1111101 011

110101001101201000111101101100111111111, 11 1100001001 1110

1) 101001111111111110101 111

1) 11111 111 11111011 0111111 iii 10011101110111101011101 1. v. 11 11101111 111
01111111 tinem 1111010110 1110110111 - 011 01101 1101111111. 111. omniun 111111
1111111111111111. nom 11011101 1110 1111 1111111011 im 10110011 aad) 0111101111 1011,
110 011 0111, 011 00111 111 61110111 11011 1111011, 1101 111 1111 00 1111101111 ies
111111 0111111. 1111111111 1100 011 00011 in 1001 1111001111 11101 0101001111 11111
1111011111,1111111111111111111111111 Cic. 1111.0,11. Ρ11111111111111111111111111111·
11111011 1111111.1’111.1,11.

0 1011 00 10 11111111 11110οι111 111 11110 0110111011 01.

 

