fflemssfi. ms

111111111111513 1. , -111111,11711411 1111111 164, 6.

11111111111161, 1; 6. 63, 11. 1. 11111, 1111.111111.6111.195,11.3. ’

1111111111183, 1; 511,1.- 111 1.
1111116111111111111111111 11111 (1
6111111111 1111111111 511. - 1, 111111111131-1111111111.
6111111111111111. Θ. 11111111. 111 11111111 111 11111 11111111 31,

1111111 1111111386, But. 1. 11. 3. - 11111111 11111 liquida 1111

1111.111111111111111111333111. 111111111177,3.

benedico 1. 1111. 358. caedes, 11111111. 136, 5.

1111 factum 1. 1111111111 504, 1. 61111711.- 1111111111111 1111111111

1ωψμωωω11 14Μ111Ἶ1,“

1115111111111 im 3111111. 116,1. bem 1111111 &ufic 11911111.
1111111111 11111, 168,1.-1111111 61111111, 738. ·
111111 311111 111111. 111 11111111. 11111111 1. Gen. 355, 1.
111 181, 1, 1. 11111, 6111. 111. 106, 5.
1111111111 im 6111. 11111. 161, 111111.611.355,11.
11. 3. - 11111111 663, a ‘²2 11ρί111 1111111111 1111111111 351, 113.
1111111111, 111117 56 ; 1111111111 1111111 sing. 1111. 1111.
1131111159;1111.1.11111111111103 6111111111 140. -1 31111111111111
11111111111611 1111111111 1111111111 1111111111 140, 11. 1 - 5. (111111
1 111 1111115111 11111111 60, 11. 1. 139,1.-11111111111111111111136,
18111111,8117 11111111111111.318.- 311. 1-1111) plus, minus, 111-
11111 111 1111111111 mit 1111 611. plius, longiqs 1111 quam 586, 111.
,111-11111111111183. - 1111 111 111111 111 minor 111
111111ἓ11111116. 36611. 1.-111 1111. 1111111111 1111111 58611. 4.
in 111 1111131111) 15111551. —· 1111111111. 376,1.-1.611.353, 1.
171111ῃί1111 1111 11177 111111 111 11171. caro, 1111111111, 31. 6. (3111. ς111. 196, 5.
111 611, 1111 11111Ι 11 1111111111 111111,11111111111111111111111301,
1111111115111111 111111, 11. 11. 1. 11. 1.

bibi, nuum. 1111. l. &agsenbunqtm 1111111ὲ111111 bet 1.

1111111111 (1111111111 1111111111 11. 111. 171* 1111. 111. 181. -
1111111111. 115, 5. , 111 3. 11111. 195,]16.-1111.11111.
-11111, 111111111111111, 1111111111 193. - 111 5. 11111. 101. - 111

161, 3. 11111. 1311111 103, 104, 106.
bilis, 1111111. 111, 31. 1. ’ Casus obliqui 17131.- (111111111) 361,
1111111111 iu 111 1111111111 5611. 338. - 111111111111111111111 bes
11111, 111 11111439, 3. · 1111 oft 11111. 119, 11. 6.
bis, 1111111113, <t 61111 rectus 171, 11.
bisextus, bis 1111111 6111111111· 6111111111113111711.

Θ. 389, ss. l. 11111 1111 111111 177, 1. - 1. Gen.
-11 11111 -bor, 1111 61111111 bed 8111. 333,113,-111111111,1111111311,

111 3. 111 4. 1111. 165, 3. 1. 1.-5111111677, 11. 3. - an.
1111111111 651. 11111111 1111111111 11111 (111111.
boni 1111111111 am. ' 1811118. “

11111, comparia 1181..Ι 6111111111, 6111111111 1111111111
111, 11111151.-111111111185,11.1. 597. - 111111 1111111. 613, 1,1. “
-111 111-1111,11111111111111111 111111, 1111111111 158, 3.

160, a. 13. “. 1111,ὓ1711111111161,50,1,3.
1111111111111111111111731. euve 111111 161, 11. 5.
151111111111111111 178, 6. 11111 1. nat. 11 11135111.-
1111111, 1111111 11 1111111111 11111. 11111573; 57111. 1. —- 111116.

amb 111 1111111111 4511 111 11111 787, 17.1.-111111111111111.573

mfflffz &ssmmwmmt
ἓ111111111111ὣ111 11111111 740, 1. 11,1116111131,1.-131111.43,1-1 .
181111 111117 . 1111111111133,11.1,3.
1111111111, 1111111111 11; 111111 111111,111111.17,1.

1111111111 11111111111115, 1. 11111111. 50, 1, 1,

 

