5,
J 121211. 12212122222122221212 (12221122111122. 871

1112222 22212111, improbe 122221211. 1111), 2121 monueris 1112221111, 112
22211222. G. 11112218. Se' 11211221 1121222211 22 2222122212 deposuerit,
22221221222212222 reddere 2222222112 212, 2221212222 reddere. 0,.02

2,1.221

2) 022222, qui 221222 222222, 22 2222222 222 amicitiam 222212 atque 211222, .

Ι 22212122221112222222221 n· 2211122222, 212 2112 usque 211 2122122122-

222 12112221121 1122. 822. 1, 3,1 211. Vestem 2222221122 sequentes 21 quie ¹

22222122, 221122 ex re praeberi 22222112 mihi 22212222 11122. 112.1,0,111.
1122122 22211221.5121221.1ι22 1112111212 1. 1. 218. ene 2112111212 2212

2221212211112222 21 peteret, ei vidisset, 222 2111122122222 22211212 , Α

2222222222 12 2221121222122 22222221221221121222212221122212222 1211,
2212112 21212 6121112112 12 212111 12112222,12222211212212221111221
1012121222 22122 12212122 &decr 2112 eine 212222 12122221211221 222
212 22211111 221222222212 121122 ιιι 22211212212211212 2221222112,
22112211122112112221212211222121122111,111212. , .
11212. 1. 1121222221 121222 111 eber 12221122 ber 121121. 321222122121222
2221212 222 2222111212 ’221 eine 1221 12211112 2122112, 1212 1221221212 2121221
ι111211, 222, mit 1121121112 2111212 1212222222, 2121 21211211 212 12211111 ena
112222112212, ιιι 2221112112 221222 2222222 2222112111 21211112 2211121221 222 2112
21112, 1212221122. 111. 2121121112 11, 21211221211221 212 2112 2211211111 2222
21112211ῐί111 22211121222111. 21. 81 diceretur: Morietur 222111 12 cubiculo suo
Scipio vi 2222222221 vere diceretur. ld 2121112 fore 1122222112,2112122222121222111.
(Ι. 112211, 18. Si 22222 dietum: Luctabitur Olympiis Mile. et referret 2111121122
11211121121212221221112222212111,2112 non 1122112212; luctabitur: erraret. 12.
13, ³0. δι’ omnes 122222212221121 12 2222122121112121 22112112.- quod, 121ιὶ1122,
eonsilium 1121222222 2221121121, 1,13. 1021122 1211 11221121 6221122112ΐί22 111
2122122221 11111222 21222222 12 11211122 111122. Hune annulum 2122222212·
piene, 2111122122 eibi 112222 putet—peecare, 1112111122. 2212222121 non 2212222.
stom 201). (1122112 112112 002111121οι Se· 12222 quaereretur, quae esset 222
imperatorie, constituendum 22222222 2211221212 eet„ 22212222 22211122 2211212122
2211222122221212211211 221111 22222 1111222, 211212 212 12111112 222 2222222222
122 21112 111, 21212 1111121121111112 22121122 22211 221 31212221. 11221. 11222222
12221122, 221122 22 auth 22111122 221 mettere 1211111221 1212122 11112
(10,212)12211111222 ei 22221222 . .. 2222222222, possim similiter 2122112222
222. ⁴). · ,
21221. 2. 1122222122 11 ned) 12 21221212, 221 222212222111221211221
22112222 222 211222221122211212111 21222 12 22221212212212121212211112122
1222222222 1121122, 1ιι 2222121222 221222 2222222 1222211222, 121212 22122, 22212

-u———ss-

21 11112122 1221221212 112112221222222 221 22112121122112 2222112221 111122.

2) ee 11 221221 211112 2111211 222 2211121111 222 32111221 22211 1211121222 2112 11212
1212 2121 2212121221211111 referentur.

212122 2211122,21222222111112221.2111212 britte 111212 222 1122121122121122 12111112
111122 moen 121122 222 1121212122 12111 22221211222211121222221 11122 122 111112 111 222122 111

21321 012111122112 11122 121 1122211222 ber 222222.. 1111 1122111212 err Det 2111112,
eben 212122222111122121222.1,221222222221222111221111222112211 p. 212, 1,

11222112 ’221121222121222222,221221211’2122ἤ12122222211111111131111112,Ι 2122,
21112 Nee 212112 essee 111 principium, 2111211 gigneretur 21122112.

 

