44444146444144444444444444 4444444444, 483

1444444444 eo 4444114 Imperator ιιι appellum. (1444.1).41.3,71.
4444444444 444 444 ’44444444 144, ,444444 44444444, 4444444,
44444444, 4444444444444444 444 444444, 4444444, 44444- ·
ιιιι, reperior, ducor, 444444. 4. ¹.) Ea spolia opima 1444444

ιιι, quae dux 44444 44444444. 1.. 4, 24). Acutior.. putam
444444Ηο 14444, ’4.Ἰ ’ ·

4444. 4. 44444 4444444444444 4444444444 44444 44444 4444 444 4 44 'Nl
44444 444444, 444 44444 444, ι4ι444 4444 44444 444 4444444 esse, 444 44444 444444
444 444 644444 4444444 44444, 444444 444 44444444 444 44444· ι 44ιί4444444
444, 444 444 4444 4ιι ’44444 4444 4444444444444444 44444 44 444ιι, 4444
ιιιι 4444ι4444 4444144444, 444 &abiem 444 444 44 44444444).

4444. 2. Nm 44444444 4444 ι 444 444 34444 4 444 2444444444 4344444,

44444 444 4444444 444444 4 4ι44ι4) 44444 414 ,4)4444444444444444, 4444
4444 ιι 44444 4444 4444 44444444ιί444 44444 ιίιιι Casus obliquus 444 44444 4444·
44444444 (44 444444) 4444 4..ΐὸ 644444 4444 444 64444444444444 444444
4444 44444 444 44444 84444 444 4444444444 4444444, 4444444444 6444444444
44444 4ι4 ιιι 444444444444 44444444, 44444 444 44444 4444444444 4. 48. 4414 44444
4444444 6444444444 4444ι 444144 4ι4 44444444444444444444 &a
44444 44444 4444 ιίιι 44444 444444444444 &tam &emt 4444444 4444 44
44 4444 444 4444444 4444444 44444 4444444444 444 &ss- ιι 44444
4444444444, 44444. 44444444 444 4444444444. 4414444444 4444 4444 41ιι
44444444 444 444444 4444444444 44 4444444444 gu 4444, ’4444144444 444
44444. 4444 444 ιιι 4444444, 444444 ιιιιι 44444444 4444444444 N 444 444444
(4. 348. 44.);4 4. z. 1441444 Marcum 4444444414 (id) 4444 444 4144444 44444444 ι),
mant (44444444 consulem. — 4444444 444 444 444 4444444 utor, 44444444 4444
4444 4 44444 ,ι 44 4444, ιιι 444444 ιιι1 4444 4444444444. ι.
44444444 4444 4444444444 4. 8. qum ιιι patrono 4444444, Gaius 44444444· 4449
444 44444444, 444 44444 444 44444444, Miltiaden cinnamum 4444 44, ι
habuit Cimonem 4444444. Θ. 41. §- 394), 44. 3. . .

4444. 4. &o 4444 14 4444. 244, 44. 4. 4444444444 44444 444 ’644444 44
444444 44 4444 44ι· ιιι 4444444444444 4444444 ιιιι 44444 4444444 4444 4ιίἰ
444444444444444444 44444 4444 44 4444444444, 4444. En 4444 quun..
14444444 multatum. Sall. 444. 44, 4444444 44444, . 444 44 4444444 444 (44 444
444 444 44444444 4444444444 4444444444), 44 444444. Non 44444 error stul·
titia 444 debenda C. 41411442, 43, 90. Gens 44144444 Ve 441 appellati. L. 1, 1.
4444144444 prima 44444 saeta. 1. 22 44. Paupertas 4441414444 4444 (ul. 4444)
ott. 1441444444. 1, 2, 44. (64 44444 Ludi 44444144441441444444444414.
44, 44.) ειιιιιιιι 444444 44 444 4444 444 omno 444 44444444, 444. oppi-
4444 Paestum 44444444 Posidonia appellatum (444).2144. fl. N. 3,14. Puteal..

4414444 Dicaearchi· 44444. 14. 3, 4. 4444444444 444 4444, ιιι 4446444444 444
9444444444 44. suinai. 4444 em aedita ιιι. luem! 2,4

4) Um 4114414444) m 4444444444 44411444 videet, 4444 444444 444444 44 444 444444
84144444444444444 4444444444

5 ιῖιωῑιιζιι gen 044444 ιιι cm 441444 44 444444 44444 4ι4 ιιιιιιιιιιιιιιιιιιιιιιι

 

