6666666666611. = 666

6611661166 (1. 6111466166111111116111 1166 ’6661116661 616 661661 6116ἱ
antummum 666 6661611666 61166 166 11161666 1111116661166. 1116111666
661666 116166 6161161661 16 666 6111116 1161666611661 66631166 166661
met 66166116611111666616666166661 616 66111166 6166616111’11666
661666 6611661611666166661 661, 16666 6116 611666 6116, 6666111116 1166111161
661 6666666666666616166 16161616 111666 666 11161666661666111116161,611
166 66116 16 66161116 1666166666 66661116616611616611 666 616661 666616 (6666
661666161661616611666616 61166. 6. 1. 616.

6. me 1116666116 11611616 616 ’1666666661 16 6616 6666. 1666
6111161166 666 661666666616616 666.

1) 6661661 6166 61161161 166 61661 6616 6616 661666 281
616116 1661661166 6616661666 16666 66661. 66 16661166 66161166
1611 661 6661116 166116 11666, 1166166 1611 16 6666 1661616616 66666616
161111 (61161 6666116111), 666 6116 6661611666 6611 16666116 1166·
11661616116166166616 616 11666666 1611616 66616 11666 6111661161,
(yffi. veni, vidi, vici3 611111, emit, excessit, 6616611), 16 666
1166161 616111 661666 6616666616116661616116116161 611 66666666
66661 16 116661 6666 ¹). 6166 18616661 11611666 1616 6661),
1166 161 6666611616 16 616166666116116, 16 6161 6166..

2) 66166611) 16116 616 666 6161616 6666661, 16 6616 66 666
616 16666661 11611666 6611111616 61616 666616 11161116 116ι 6616
66 616111 16616666 666166 661-6661611- 616 611666 1661166666
661661 6616116166 616666 1. §.282; 6.16.661)111”6,61161661111616166611-
naribusque 6661661166 ad 6116166 hostium 6666116616, 61111166 fit
Hannibali et ipsi 61166 6611111666 ad 6661666616 eima 16661 ,666-
ς16616.1.11.21,16.66661661666666611661161166116116
mit 61666661 16 6666166666 166166,166611161)1 616 661661 1661166
166166 6661 616 666 16166111)111666161611,11)16611661116

661611 661666 6111.
666661166661666 661 ‘Mffim 66661 66611 2111616616 11166
6616.

1) 1666 61616116 666 111 616 661666 6161611661 666, 16 282
[ange 6661611 1166 6161161161 666 6116 6161161666 1666611166 66116166
666 61161 66616 6166161666 6666666 61611116 661 6161616611 66611661
166; 16 16666 6116 66166161 6666116661 61161 661 6166616666166666
6161666666 16666111666116666 6. 16. 6661111116 61611. 361 66166
1666166166616 66166 66111 616666 66661166166 6161111666 6666.
6. 661 1161161611. 281, 2.

1616166 16161 61161166 616116 16616, 61 666666161661616661661611661 66666,
16666666666161666161611661. ’

»mmmmmumoeem

 

