, 11. ιιι. 1111111111. 111

2) Das 1111111 111111 111 1111111111 11111) ιιι, 1111 (1111
1111111111 111111 111111 111111111111111,11111111 11111), 1111
1111) 11111)- -11, 11111111 11111111111111111, 1111111 1111 111111
111111 11111 11111111 1111111111 ,.1111

31 111 111 1111111 1111111 11111 11111111 &regg (1111 111111 , “
, 111111 111 1111111111111111111111) 1111 111111111111 111111 11111111
annon ι)1 111111111111111

11 11111111 1111111111 111111111111 11111 111111 1111111111·
111 1111111111 1111 1111 11111, 1111111111 11111111 an 1111 ιιο,
,11111111 11111111 1111111111 1111111 111 1111111111 111·

num -11111111) ,

utrum (utrumne) -- 11111111) 1111111111)

-ιιε -- ιιιι (annon)

-- -111111111
--111111111Ῐ

1111111) 11111 1111111111 1811111111 1111111. ’
1) 11111111111111111111111111111111111111111111 s

111111 11111.

Num 1111111 habet, 1111111111 1111111111. 11111111 {ninus 1111101111
1111111111111111111111111111,1111111.,111111.4,-11. 11111 111, quem
111110, amaon? Τοι, Phora. 11, 1, 12 1111111 huie, 11111111 11111111 1111111.
ι 1,4,45.Ι 81111111 11111111, 1111111 11111113, 18.

111111. 1. 11111111111111111111111111111111111111111111111111 -
11111111 111111 1111111, 11111111111111111111111 1111) 1111111, 1111111111· ,’

111. Diem huie, ιιι uon 11111111 Roth 11111111 111 1111 bei 1111 11111
11111111 81111 1111111111 11111111111111, 11111ιί111111111111,111111
tint. (111. 1).1,22. Dii 1111111 sint, meno 11111, quaeritur. C. N. D. 1, 7. 11111
11111111, 111 necno 111) 1111) 111111 1111 -no, 111 111111 1111111 111 1111111111
11111, 11111. 181111111111111111111111111111 1111111 111111 1111111 11 ,
1111111111 11 1111111111111 1111111111. Parthi transierint 11111, 1³¹³ss-
111 te video 11111111 neminem. 111111. 111. 1111111111, 11111111, 1111111111-
lem, nihil 11111111. 011111, 11. 811 111 1111111111) 11111111 11 11111 uis
111111 (1111111111 111111 1111 111 11111 atate 1110. 11111, 18 11111111.

2) 1111 111 11111111 (1111111 1111 1111111111111111181111

111 1111111111 11111

111111ςὶ1111 oui 111111111ι111ι111111111111111111011111111111111 11111
hbss' perdiscendi? an 1111 communi intelligentia contenti 111111111111110
⁰³5 53,141.Ν1111111111111111 habetis patrias? 111 1111111 111111 communis!
1111111 111111111111111111111 111 maxime 1111, an 111111111-
1111, 111 unm 111 sustineant? C. N. 11. 1, 30 ⁵), 1111111111 1111111111,
‘Qu-*-

ἐξ mx& 61111 1 11 1111131111 11111 111111, 1. u. 11. 1.
311111111111ζ11ωέτῗ1111ῒ11ὴ11111. 111 1111111111 1111111 111 1111111111 111 1111111111111
Μῦὖῦῠωζιυιιιυιισροιιω111ωςι1ιᾶοι11ωιωι1111ω. (10111111 fluv)

 

