⁴ 111 1111111111, ξῦ1111111.1111(1)1.1.

¹, 1)-11111Ρ11111111111 Ρ1111Ρ111. 1111111111 fid) 1111111 11111116,
1 ” bie 111 3111111111 (1111111111 obet 11111111) 1111111111,

1111111111, teneo, posside03 (11111111111111,’1111, 111115
. oportet, 11111111 1111111111 11,11111,1111,ι1111, um
’ ” ,111 11111111 111111 1111111111111 1111111111, bet
ι ned) 1111111111111 11111111111111111 1111111111

1111111 1111111 11111. .
1111111111111111 111111,1111111ῑ potuisse 1111111111. 1111111,

111111111111111111111111111 1111111111111111. (11111117. 1111111111 ³

11111111111111111111111. . 11111111. 11111, ι. 11111 1111111111
’1111111111 1111111111 vi 'mptum 1111111111. 1111111111. Domestica 1111 11
1111111111 1111.”11’,Ω. 11. 1, 1. , 1111111111 111111 1111, 11 111. ·’1“11.111111.
1111. 11. 1111111111. . . 1111111111 111111 1111111111. 1111. 11, 21.
Quem hominem honoris 11111 11111111111111. 11111111, (8116111,

11111). 111111111111111111, 111(1111111111111111111,111111ι11111111- ’

ctam eupit. 11. 111. 1, 21. ’111111 rem 1111111111151111 1111111111 oportuit.
0.1111.1,1. Opus 111111111111111111. GM„ 10,1,11. ¹). 811 1111111 11111-
1111111111111 11111, quemadmodum legnt'un iuuentem 11111111. 1111111. 1111
ogo 11111111111111111111 11111111. 1111111111). 1111111111, 1111111-
1111111 1111111 11 mecum 1111111111 11111 Pamphilum. 1111111111, 1.
11111111111111.11111111111111. 11111111 1111111111. 11111011. 21.

111111. 1111111111 cognitum 11111 111111111111111111 cognovi 111
11111, 111 1111111111 111 1111111111 181111 1111111111111 11111111.
cognovi, 1111111111 111 11 111 (1111111111111111111 11111111 (11111),
1111 1111 11 1111111111 111 11111111 1111 11111111 11111111, 11181111
111 1111111111111, ’3111111111 1111111111111111. (1111111, (1111111111
111111111111111111111, 111 111 11111111 11111111 1111 11 1111111 11111111.
1111111111, 1111111, nominatum volo 111 1111 6111111111 11111111 mit rogare,
1111111111111111111) 11111 1111111111111111111 11 111111 (11111111 (1111
31111111 1111 1111111 11111) Su 111 1111111 1111111111111111111111
1111 aud) 111511. 1111111 (11111, 1111111111111 111111 1111111111111 11
1111 311111 1111111111 1111, 11111111 1111111111111 11111111 111· 1111111
111 111111 1111 Die 1111111111 11111111 1111, 11111111 1111111111111111111
(11111111111111 11111 ets 11111111, 1111111, 11111111 1111 111 «11111111
1111111111 11111. 111111111111111 (11111111 111 111111111111 111111,1111
eud) 111 1111111111 111 (1111111 111 1111111111 111 111111111ὑ11111111111
111111111111Μι1111111111111111Π11,(11111111111,111111111611
111111 1111111111 111, 111 11111111111111111111 1111 1111111111. ·

1) 1111 1111111111-1111111111 1111, 111 &telle 1111111 ῢ111
31¹ 11111111, 1111111111 111 11111111 unbem Θ11111111111111
111111111111 11111111 1111111191111111 1111111111 111

116111111111111111 1111 111. 11111111111111111111111 111111 11111111,

m 1111111111 1111111111111111111 1111111111 1111111111.111.1

,1111111111 1111 11 w Mdv 11111111 11111111 unm 11111111 ’11 1111111111 111
111111111111111111111111111111111111111111, 11111 11111, 1 w.

 

