1111. 111. (1111111) 111111111111.’ 511

111111.1111111111111111 111 1111111 11 1111111 111111 111111 tm, 111111
6111111111σῦ111111 1111111111.’ ’1111111..111111111111,111111-
11111111111111111111,11111111111111 1111111.11111111111,11111111
veniunt, 1111111 te 1111111111 mo 1111111111. 1111111111.

nonenim 1111111111.

21111111 7, mie Pronomina indefinita 11 bem 11111111 &inne 423
111 1111111 111 1111111111 111 11111 1111 11111111111111 (11111311
1111111111 11111 11111 (1.1111) 81111111111111111111111 1111 ’
1111111111 11 11111 11111111) 111 3111111111 111 111 1111
1111111. 1111 1111111111 1111111 111111 111111 1111111 11111111 111111,
111 111 3111111111 1111111 1111111 11111111111111111111111111
1111. we 11111111(1111111111111)11111111111 1111111 1111111
’ 1111 1111111. 11111111111111 111 1111111111111111111111 111

1111111111. 1111 11111111 1111111 111) 111 1111111111.

1) 1111 111 111111 1111111 1111 1111111111 (1. §- 118), 1111111 111 cutm, ·
111 111 111 1111111111 1111111111111111111111, 1111 11 1111, 111 111, 111
11 111111 1111 1111, 111 111111 111 11111 1111111111 11111. zm 111111 1111
11111111 111 1111111111 11111111 111 1111111111, 11 111111 1111 11 111111
1111111111,1111111111111161111111111111111111111111111111·
1111111 (111111), 11 1111111 1111 quis 111111 111 111 1)1 1111111111
11111111111111 1111111111 11111111 1111111111 111 111 1111111111 1111111111
11111111131111111111,1111111111 111 1111111111111 11111111111111111111
111. zm 1111111111 111111111111111111111111111 11111111 21111111111111
11111111 111111 1111) 111111 111 111111 (111 1111 11111111111111111)
111111 1111111111 111 111 111 111111 1111111111111131111111111
1111111111. §Bon 111111 (1111111111111111111111111111111111) 1111111 1111
1111111 1111111111 1111 1111111111111111111111111 111 1111111111 11111111,
(qun), 1111111111,1111,1111; 111 11111 1111111111 11 111 11111111
111111. (11111111 111111. 111 111111. 6111.) 11111. §a 234 1. 2³5.

2) 1111 1111111111111111 11111 111111 111 111 1111111 1111111111 311
1111111111 1111111. (11 1111111 111 1111111111 1111111111111 1111111111 obet
1111111111 111111, 111 11111111 111 91111111 (111 11111111) 1111111 111111 1111.
3. Ξ. 11111111111111), 111· venit, 1111111111 1. 111. Helvetii 111111 Ι
dieunt, 111 ato ad 11111111111111111111111111111. Caeam. &o 1111111111
11111 1111111111111111111111111111111, 111 11111 1111111111 111 111 111
11111111 1111111111 111 5111111111 1118111111111111 1111111111.

1) 111. 111 1111111111 {m 111 111 τίς 111111 11111 11111111 111 11111 111
11111111111111111111111111111 11111111 1. u 111 111111111111111.111
hiet 111 111 1111111111, 111 1111 1111 111111 11111 111 11111111111111111111 11111
111 111, 11 11111 11111, 111111 1111111111 mm 111 11111111 1111 1111111111 111
1111111 11 111111 6111111111, 11111 1111111111 111 1111 1111 1111111111 11 1111111111.
111 111 61111111 1111) 11111111 111 61111111 1111111111111111 1111111111 1111111,
1111 11111 1111 in 111 11111111 111 1111111111 111 111 11111111 1111 1111111111 1111111
111 musteum. 1111 111 11111111 111111 111111 1111 11111111). 111 111 11111

1111111511 111111 1111 11111111).
ιῦ1111111’1111.61111111111111. 1111111. 31

 

