, 111111. Ι111111111111111111. 6115

111111111111111111111111111 111111111111111111 11111111111111111. ,
11.11111.1,8. Collum 1111111, 1111111· has 1111111 listerus, exspectabam·
11111111, 13 (1. 1. id) 11111111 1111 11 1111 111111).1,1’11111111 11111111, qui
1111 tum ι11111111, 11111111111111111111 2) 111111 1111111, apud Catonem erat
divinatio in (111111111111111111111 Memmium 1171111111111111 111. 1111111-
1111111111. Nihil 1111111111 quod sosibersm', 11111111 enim 1111 quidquam

1111111111, 11 sd 11111 ,11111111111711111111 111111). (1111. 1,,11. - ’
11111111 1111 1116111111111 nicht 1111 1111111111 ὃ111111111 ,

1111113111 111 ,1111111111 11111, 11 1111111Ι 111 11111111 1111
111111 11111111. Hanc epistolam 111· 1111 scindi velim, 11111

11111 est. 1111111. Ego 11111111111Η111111111111,111111111

refusam. CMFam 7, 26.

11111 1.111111111111111111111111111111111111 gu 11111, 11111111
1111111 1111111, 1. Β. Senatus hodie 11111111111111111 1,.1 Kalendis Octobribus,

1111111111111111.11111111.111111111111111111 1111111111111111111111
111111111111111111111111111111111111.1111’11,11,17. 11111μί11111111111111.
1111111111111111111111 111 1111111111 111 111111 11111111 1111111111111111
1111, 1111111 11111) 11111,11111111111111111111111, 111111111111111111 11111111 111
111111111111111111111111111111111111111111111111111.11111111 11 11111·- ,
11111111· cogitat) quidem 1111111 11111111111111111111111111111110111.

1,11,.,,...,,.·1111111111111 .
11111. 2 311 11111111 11111111 1111111 111 1111111111111111111 111·

1111111111 111 3111111111 111 (1111111111 1111111114).-111111111111111
1111112131.81111111111111111ᾱί111111111111111,1111111,1111111,.·ι1”1 ·

1111111111111111111111111111.11111111111111111111111111111.1111111113
111. Thais 1111111111 11 11111111111,111111111111111 1).Χ

- . 111111111111111.
’ 11111111111111111111

8111111111 sn 1111 11111111 11111111 1111 1111 11111111 452
11 11111111111111111111111111111 111111111111111 1111111), 1 i. '
111111 111 11111111. &s 11111 1111111111 111111111111111111111

‘Q———n-...u-a--u 1

111111111111111111 111ώί111111.1.1111,11.1. ,

²)= cm 1111.1111111111611111111111111.1111111111.

3111111111 1111 1111 assumtus
mss 1111111 1111111111 11111111 111111 111111 11111111 111ε1111111 1111 11 1111 1111 vens Ι

111 1111111111. . ·

1)1111100111,111.1 Quum 1111111111 scribere 111 11111111111111111111,111111
1011111111 11 1111111 111111 11111111,11111 111111 tuse 11111111111111111 11111111 1111111111
1111 1111111 1111111111, 1111111 111111 111111 1111111111 1111 111111111111111611111111111111 ·
mm 11111 11111111111111111111 sss 1111 1111111111 ses messes 1111111111

111.

11111111-111111111111111 11111111111111 1111111 11111111111111111111111
1111 1111111111, 1111111 111 1111 1111111111 1111111111 1111111111 111 1111311111111,111111111
11111111 11111111 1111111111, 1111 11111 111111 1111111111 111111, 11111 111 11 111111 111 11111
111 1111111111 1111111111, 111111 11111 111 1111111 1111111111) 111 111 1111111111 111111
”W 11111 1111111 1111111111 111.

 

