999 , 9999 9191. 99919919911.

9919199999 1191991999, 999 sum. 91991. 11911. 3,4,12 ¹). 1199 19 19199 911 99111
999 9919 99199919199991919919999 9911991999 9999 1111999999, 919919 9911
11919191991199199999999’99 19191919 919199919191 911 99911199

999199 9919119991 991911. Naucratem 99999 9911999199 9919119 9911999

’ 9991. 91991. Αι9)9.,4 1,.1 1199991999 99991911911991119, 99119199 1191111199-
bns. 1119119993. 11. 191999 quom 99119919 999 sum 1199119993, 49.

1. 9. 9911· Urbem 9999919199,999199991.11199.199.1,113.1199991999

’ 99199191 superabit 99999919, 9999 incinctae 111999 99911119 99919 199991. Tib.

9911. 1991. 8991199099410. 91991.19991.1,1,11. 11.,4919. 3, 3, 31. ld.

991. 1, 1,1. 199.11.1.3.11 1). 39 91199 919199 111199 11911 1111919991 9991199

19119 999 99199991 191 1191919119 9999 19 1199199119, 999 999 1919 §tos

9199, 99199199191199991911, 9911 999 999 999 9199999 919199 19191 19

999 999119 11999. 8191999 1199119999999, 19 99999 19119199 1111 1911911999 119

. 11991119, 119119 99991919119119199 9111191999 19 999191 99919919

1999. 1199111999. 1,1,1. 11. 1191. 4,1,11. 1111199991, 931. 1199 1999999 999

199191999 11919 119191 19 191999 1111199 9911) 9999 991 11999991191911999911999

ti» 9919991911.191999991199911999,91999991.11.,1919111199919999.

plaut. Ctpt. 1. 2,1 1191199999. 11911.5,2,4. .

553 9911919111. 11119 11999 1991199 991 (1119 99919 191 1119999
9199 91911999 1) 19111 991 9199 999 999 9991111199 19999999 99999

9999199999111911919 19199119991911911 99 919,
1) 99 999 1919119191 919 1999911991 91119911, 9119 191911 9111

. 199911 111 1· 11
Magnus 9991991911119999911199999 99991 91119 unquam 1199919 9999999111
- Elegit ex multis Isocratis libris triginta 19919999 versus Hieronymus 9999
991199191999919991991110911. 991991999991991911919111119,191119
999 1119919 1911 199991119199911199 99 999 69199 991 99991, 999 991 19999
999191911199991119 119 1119911999 9199 991 1999919991· 191999 99999
119199 9111, 19 119111) 199 999 11999999 991 19191191 1999191199.

2) 999 9911919119191 9199191119 991999999999199 1199911191 911
3911999191 (1. 1. 521,11. 4) 191199919999919199 1911),
999 91999 19, 991 99919199 9991119199 1191999111919119991 19111.
1199 ne P. quidem Clodius dixit· unquam, quem, 9191911199 91

1199191919119919991199 9191991119, quem 9. 991.

1119991 11999919) 191 1991119911 191 1199999191 1991911119. 19991 1999911919119199
9919999911. cucumerem 99999 9199119999 9911911999 nuptiae Mer. 1919. 1,,119.

1) 91 191111 919 9911 9191911999 19 9991. 11111911. 119 9111 1991 91919911 19999999 19-
91999 991 919 9991999199.1199119991,9911991991 191 991 11919119 9911991, 919191 911
191 99191 999 9991191991, 9999 1919119 191 1911111999 699 99 99111911. 999 99199 999·
191999 1119991 19991111911199119919191119 99191199.

1) 6919911 1919) 999 9999191199 1119991999 911 9991) 191911991199919199199999919,
1919 991, unde, quo. 99 9111 19999 999 191 9991 11919919 999) 999 999 9111 1999191199 9119
99111 9919999919119999119111199. 19 1919 9991 999 199 9919119911 9199999199ῐί99,

111 1919199 31911 19991 91 1999 1919919191 99991911 9119 9919 mrim 9111999911, 9919
11111 91999 9991991199, 9199, 911 1991199199 89999191. 9111 9111999 1999999991 91. 9. Β.. 99
19911 19 19999 1919111999 999 199 1199991119 9911199. 911991191919191. 699999919199
91919911919119919111.

μ ,

 

