596 1111111111, 11111111, 1111111. Ι.

· 111111111111111111111, 11111111111111 do 11111111111111111111. Pa· 1
1111 quoque, 11 quii cederent plebi, 11 ipsi L. 1111111111 consulem 1111σί1-
1111. 111131. (11111111111111111111111111111111 81111111111111 uns
11111111,1111111111111111 1111111111.) 01111111..,111111111111111111, ¹
11111111111111 11111111.111,,311 1111111111111111111111111,111
11111111 11 1111111, 11111111111111111111111111111 bie 11111, 1111111 8111 i
1111111111, 1111111 plutis 1111111111111111111Ρ111111,111111111111111-

, 1111111111111111111111111.11ι11111111111111111111111111(1.Ρ1111,1,2,111ῐ).
11111111111111111111111111, 11 11111111111111111111111.111111, 11111.
1, 101. Quid 111,1111111111 Num 1111111 11 me 1111111111 111111, quod
jam 111111111111 11111111, cato 111 lege, 1111 megalium, 111 11111-
ruit. Liv. 34. 1.

11111. 3. 1111 31111111, 1111111 11 1115111 111 11111111 1111111111,
1111111 1111 1111111111 1111 1111 11111111 1111111111111111111111 1111111
1111111, 1111 im 2111111111, 1111111111, 111111111111111111 1111111111.
1111111 etiam 1111 eat elephantis, quin propter magnitudinem 11111111 111111-

111 1111111111111111 111111. 1111111111 (11111111111111111, 111111
nen 111 1111111 1111111 111111).

117 31111. 11111111 111 1111111111 111111 111 1111111111 111111
1111111111 1111 111111311111111 1111111111 (1. i. 11111111 imper-
111111, 1. 1. 1131, 111 11111111 1111151111111111111111111
111111 1111111111111111 11111 1111 111111111111111 111
111 1111111111 1111111111, 111 bem 111 11111111 11111111
1111111111’111111111111111111111111111111111111111111. ,11111
1151111,111111,1111111.81111111101,1111111111111,11111111
111 1111111111, 1111 mie 111 1111111111 tm verbo 11111 111 1111111

1111111111611111111111,11111111111111131111111
1111111111111111111111. ·

11111111 1111, 11 11111 11111111 11111111 11111, 1111 111111

1111111 11111111. 11 11111 11111111
01111 (1111111111 cinei 1111111111 111 11111111111111ε

111111111111111, ,

11111111111111111 1111111111111111.1111111111 11111,111111111111
111, 111111 1111 agilam 11111 111111111111111 11111111111111111111,
111111111111111111 11111111111111111 11 11111111111111111111 111111 pos·
111. Stet 111111111111111111111 111111 111. biv. 1111. 1111, 1111111112.
Neque 1111 id 11111111 1111111111 dies 111 nox uua 111111 111111 nequo 1111
neque 11111111 1111111111111111111111 crudem 111111111111111 1111111111
oirwmipocian 111111 et 11111 11111 1111111111 aliamque 1111111111111

1161111111111111111111 Pittacus. 1111 ei mitylenaei 111111 1111111111 egri
111111111111111111111, oro 111,111111, id 111111111111 Nep.8, 1. iiiii) 1111111111
ivm. 111111111111111 11111111111111111111 in 111 1111111111 1111111111, 111
111111111111111111111111111111111111111111 Aspentn 11111111, quae 11 emine 11111
cute, 11111111 11111. 11111111, im, = 111 sim 11 1111111111 111111.

 

