1111,111, 11111111111111111111 111111. 111

viniale 11111111118111 libros ie republica 11111 scripsimus,
quum ttubernaculi 11111111111111111111111.(1.Βί1.2,1.11111111

11111111111 111 11 misimus. (18111

11111. 11111 111 11111111 111111111111111111111111111 majestatis, 11111111
1111111 1111111111 111 1111111111, 111111 111 11111111 111, 1111 11 1111111
1111 11111111 111 111111 111111, 111 11111111 111 111111111111111, 111 111
1111181111 1111 Mi 1111111111 1111111111 1111. 111111111111111 111 111
11111, noster 1111111 1111111111. vidos 0111111111111 muita 11111111, m
1111111111111,01·.11.Τ11111 1111111111 111 111 dignum viribus 11111111,
111 major· 1111111 republica 111111111111111111111111111, C. Fam. 2.11,1,
1111111111 111 1111111111 11111 1111111 11 111 6111111111 11111111 111.

31111311 1811111111 11111 111 1111111111 1111 1111111111 116
11111111 1111111111 1111 1111111111111111111 1111111111111 1111 ¹).
111 11111111 11111 1111111111 1111111111111 111 1111111 111111 iet·
1111111111111111111111111116111111111 1111111111 11 11111111
1111111 1. 11. 1411, 11. 3. 1111111111 1111 1111111 111111 11111
11111111111111111,11111111111111111111111 111111 11 11111 111111

giiii) 11111111 iii:

1) 111 111111 1111111 11111111, 111111 1111111111111111
111 1111 mit 11111111 1111

1. Β. Quae 1111111111, credimus libenter. Caes. Β. C. 2, 27, 1111 111111
11111111, 1111111 11111 1111. -·- 011111 dania 111, 1111111111 utamur 111111
usitatissimis, 11111 1111111111 1111111111, 111 1111111111 1111111111111111111111111
11111111111111 . . .111111111111).-1.111111111·,11 probe agimus, 11111 11111 ’
111111, 1111111111 1111111111 1111111.

2) 111 1111111 11111111 1111111111, 1111111 11111 1111 11111
111 111111, 11121111, 111 11111 ,1111111 111 11111111 111, 1111 11 ·
111111,1111111, 111111, 1111 1111, 1111 11111111 1111111111
. 11111111 giam.

negligentia.. . 11111111111111, 11111 quos 111111 1111111111, desertos 1111
patiantur. C. 01, 1,11,28. ,

3) 111 11111111 11111111 6111111111, 1111111111 fid)
1111 1111111 1111111 111 11111111111111111111181 1111111

1111111111111, 11111 11111111 111 1111111 11111111 1111111.

1111 1111111111 11111111 1111111 (1111111111 111, 11 1111 11111 111 111
1111111111111111,1111111 111 111 1111111111 11111 1111111 111111111111111
11111111111111111 1111111111, 111,111111111111111111811
1111111111.Αεο11111111,111111111(τ-· si 1111111111) 1111111111οηῦ
0111111-11111111111111111111111 11111,111 1111 1111 11111111

“nimiruum 1111111111 1111ωά111111111111111111,1ἰ11111111111111111111 opor·
m

¹) W 1111111111 1111,1111111,11111111 11 1 1411 11111 ffl) 11110111 111111 ssim
1111111111, 11111111 1111111111 1111.

 

