444. Ν. 4444444444 4441144441. 599

14 44414444 114 4414 41444444 4444441414. au 4141444 4444444444 4444441414 4444 ’
414. ms, 17 444, 414 1441444414444 444 4444444444 444 4141114444 44444
«4444414414 oud) C. Vero. 4, 27-29.

111. 43444144444444441441444 44144 4444444111, 444 414444 418
14 444 9444444444411 4444444444 4444444444, 444 4444144444
orit ὓ44144444 cof 414444 4444444 9444444444, 444 441144 91414141

44 4444444144.

Pausanias 4441444 144444441144 444, obi 414444 44444441. Nep. 4, 5..
11444144 jussit boo: proscribi 4444, quicum 1441114411444144444, 444144444441.
1444414491). lodo domum . . . 444 roseco. 1444444444 Donni ct coctum 44444
locabant. 1114444442, 751 ²).

91444. oco 444 944444444444441441 4414414444 4141844441444 4443444444 ’
14414 4444444444 44444, 1. 1. 444, 94. 2. 4141 4411411 444 414444444414414 444
4441144 444 44441441 11444, 1. 1. 444, 41. 1. Sor 414444411444144414444444444 ’
414 4144441444 44414141411444 414144444414441 4414 4444 4144111444 41444414.
9114441144 11441 44, 4444 441 444 3414444411, 4444441444444444444444441414
144, 44414441 444444444111, 4444444144914144144 41444 9441444144 coros
444144. Postquam recepero 44 444111414441444, verterat 4441441444 14114-
4444444. 1414. 32, 44, 11. 444111 ⁸).

24144144 ll. 4444 444 441444 compotibus 444 8414411449 .
(scribom, scripsero) 4444144444
, 1. 4441144444 (simplex) obet Futurum 44114414 14444414-

coc 4144444441 4444434144111444, 4. 1. 4144 14 414 34414411 14414444
1444414444, 44444444 4444 §B 4414444444 4441414444 4444444 (4141414 “’
44111444 ⁴); 4444 4411 9444144444 441 4144 444444 4414411144
44441444, 414444 44 444 3411444141444 nod> 9444444444.

Nostro cd (11444 1144444441. (4114441419. Profecto 4444 orimur 44441,

quum corporibus 44114114 cupiditatum 44144444 expertes. C.Torc.1,19. 114
colurno 4444, 144444. 9144494444.1,3,11. ’

41444. 1. 44144 44444444 4144 oco), 444 444 44141444444444414 444 1114441444 ι
runo 444341444444141441444 44444 111, 4444 141414444 9444414144 444 84144444
stote 14 4441444 4414 444 444 44441444 4444444444 4. 44. 81444444 14, qui 444444

cot scribor, institutor 114444ὶί444 educatione doctrinaque puerili. G.0r. 3,.11,

ow sonmo· 4411444 4114 ro 4443414 444 144414414ιί44 41414 44444, 44444 4444 414
lo

414444 4144114444 4444, 444 44444444 14 444 4444 1444, 1444 444114444 4444444 4444
9941 444 3444444444 444 444144.

414414 9114444 4441444444 4444441141144, 444414441444 4444441, 14 414 941444. 44144 44144
5⁰ 1414111444, 444 44 114 44444 444 4444 444444 4441441114 44414 4444144 444444. 14914 ronna
“¹¹ 414 &rotroco 44444 144444 44 44444 1444 414 41441444 441 414 §circ 4449414444 44
'mbo = 44 mor 414 4441444 441 444 64144 444 9444444. 444444 41444 444444 1444144444
&dogm 44444441 444 41444441. 1. 41414 ro 5414. 444. 44, 4, corennum 44. 44414 ro

9444 444 ,

9 9144 144 4444441414 4144414144 ro 444 9444444441, 4444441444 ru 444 9444444444411.
Ι1494111114 44444441 44 4444444 moneor. c.1aeg.¹,1.' 111 411414 ao 444 4441144444 concoctum,
¹¹· 449 roc mom pacuoo 4. rm. ι, co?

 

