628 11111111 11111. 61111111. 1111111. 1.

9111, 111111, 1111111, 111111, 11111111, 1111111, 1111111111
1111111119 1111 1111 31111111 111 1111111111 911111111111 111
1111111111 111(11111111111191111111111111), 1111 1111 111111
111 1111111111 111 11111111 9111111111 911 111111 111111 11 1111 111111·
1111 1111111111 18191111111111111191, 11 111 11111 11111 1111111 911
1111111111 111 1111111111 1191111111, 11111 1111111111 111 Mn&
111 1111111111 18191111 1111 11111111111111 1111111111111119 111 1111
Θ1111111 1191911 11111. &v 1111111. 11 Cicero scribit 111 1111-
1111 11111 1111111111 111 111 11111111 Cicero 11919111 11111, 11911

1111111 11111111 1111111111 mit 111111 111111111ῑὶ11 111 1819111111 111
Cicero 1111111111, debet, incipit 111.)1111’111·1. 6119 1111119

1111111111 Cicero cupit, 11111111, 111111111111111.

Intueri 111111 adversum 1191111111. C. 8111111. Suos quisque 111111

tum. 1111111116. Solent 111 111111111111·, 111119111191111 agm
11111111. 1111111111. Gallinas 1131111611ιοί 11111111. 1111. H. 111171.
Venae et arteriae micare 111 desinunt. cmm. 8119111111. . . Sagun·
1111 munt 111. L. 1111. 6111111 maturat ab 11111 proficisci. 6111. 1, 7.
Pelopidas 1111 dubitavit, 11111111 conspexit 1111111, 1111111113 11191111.
Vinum 1111, Hannibal, 11111111 uti 1111111. L. 22,st Vereor 1111111111-
sentem. e.N.1>.1,21.

111111. 31111111111111111131111111111119119119 111 nn 1
911111 1111111911111111, 911 1111111111 111119191119111, 111 11111 111111 11111
111111 mit 11111 1111111111 911 1111111111111111111111 11111111111111111111(111ε
1111111191),111 111111 11111111911111111111119111111111. 11111111191111111 1
11111111111111131111111 111111 11111911 111 111111111111111,
1111111119 111 Verbi 111111, 1111111 ie 111111 111111 1111111111 111111 111
1111111111 11111111, 11111 1119111 11111 11111 1111 1111111111111119 (111 111 ,
111119111111) 11191111111111111 111111 Ι11911111. 1111111111 111 esurio, 1
1111111611), 1111 11111 1111111111 31111111111111 111111 ,
111111191111. 1111119111 1111111 11111 111 11111 1111111111911 1111111,
1111111111 111 1111111111, 1111 1111 1111111119191111111, 1111111111111
111111 111. ὓ1111111111111111 11111 1111111 1111 1111111111, 1111 111111111111111
11111111 191. 1111 dormire 11111 volo 1111 1111 11 Ι1111111119 1111, 1111111111.
11111111). , λ , 1

111. 1. 111111 11111 es 11 1111111111111 1111111111, 1
111111 111 11 11111 1111111 6111111, 11111111111111111111 1191911 11111, 11111 .
1111111111 imulas 11 officium 1111111 1119111 - fluebat 81111 111 11011111 ἰι- '
11111, 111 11181111111111111111 11111 &aa 1111111111 111, 1111111· 1111111-

gntfbimp‘ernufiuw), 1111 11 11111 111111 1111 1111111 11111111911111111 11111.
11111 .11.. . , .

mi) 1111111 1ί111ξ1141511111111 111111 11111111 1111111111 1111 1111111111 1111111111 9111111111
11 1111 ς . .

. 1111111 1119111111 111 11111111111111111111111111111 1111111111.

 

