1938 61111311.

ι, 3. - 111 3111311111111 11111 13113. - 111111. 1111. 1111111111
1116ι ’3115186311 111 1111111111, 317ζῖἔῖ 91111, 0114631115]ᾓῖ
91. 4. 1113111. 1111.. nb. 4. '.' 1. 91111.
3111111111111111111,111111111443.- 71 ., 111.. 3. -1, 6111111111. et
111 11111111 1111 11111111. 1111 11111. 11111.. 1116.

445, 1. -11111311111111 111 bet 9111 postremus 11111) 1111111111 999, 3. -— ,

1111111111 bed 31111111. 444, 3. 9. - 1111111111,1111111111111111997,3.5.

91111. 6111. 111 9661111113 1111 (1111. postremus ”t gom-em 11111 494. ¹

Ρ1111.111111111.1111111111111 461- 1111111117 , .

911111611111111111111. 111 1111111 postridie 11111 580, 3. 5.

11111ῧᾶ1111 Θ. 644, 319,-111111. postulo 1. Gen. 354. - 111, 111. 3. 9.

61 ’.11131 11111111111111696.- 1. 4111. Aac. 313, 316. -111 316.

· Β111111611121111111 1111Ι 1111- 3. -11669,9,1. - 11111573,

⁰3:33⁰& P'lssassgefoffltffin ,οξαξξκέἷτιὲ 11 911111111111111
, 36111116 636.- lud. 161 1116111116 1111111 11611. 353, 3.- o. 1111. Gor.

637, 3. - conj. 637, 6.- 111. 489,1,11.

111 11111111 1116313. -1111 3111111111, 3111111111 457, 1.

111611111111111111 m 111 nuntio 111111, 1111111111 119, 3.

111111 1111 11111 639. -111 111 111111161111 11111. 353, 3. 91 399,

64131-116111111111111 ,1. 1111. 31. -1111, 399, 3. 1.

-1111111111, ob . 1111 111 - 111, 1, 1,

61111111. 649. potis 11111 1111, 1111111. 994,1, 115.
poematorum 3. 914, 91. 1. 945 m. 1. -111111,1111111111111,
111111111611. 11 Aee. 359. . f. 6111111111 6. 999. §. 664.

1111111111· 1. 111. Pruna. 564, 3. 9. potus, 9111161331 156, 31 4ωμ3. 9. ,

111111, 111111. 915 3. pm, ffiebcutnnq 379.

11111611111111111396. 11111111 c. 1111. 1111. 319, 3.

1111031111. 1111 Pers. 113111. 47, 3. 3.

Α 1111 11 1111 369, 3. 5. Ι toramen, 9111113931, 3. - 811111,
11111 1. 1111. Aoo. 313, 316. - 11111 ib. 3. - 3111111111911111111ῐὲε1111111111

11111111 ut 111 573, 3. 9.

111316, 3. . 3112 136-11131111, 111111
3111111111, 31111111 3111111111 111. 11161111116111187113. 1,
1111111361 ,33 11. 1. -1111111111 31.1.,-116111.11111111111
111 111111 36 3 39. , 61111. tm 6111, 11. 1. - 1111111 em

Ι 31111111, 6111111111 995, 1. - 311. 11111111 11111 11111. 3.1.- 111
111 ,1111111 11 11119, q. - 11111 1111, ib. 3. 1. - 111 31111. 111
3113111131 11111 3111111111 999. - 11-11, 111-111, aut—aut W,
1611. art. 3363. 4.-13111116 3. 3.-1111111 1111111111. 34.
1111. 7, ⁴.- , -111 6111111111 6. 371, 31. 1.
1111111111 13111111,1111111111 111111 3111111111, 31111111 11111111 111 m te·
, 1111111111111111 11111111111111 111111 11111 111 11111111 ie·
1111111963,Ιέ . m gffifflbl. b*- 111 61113111
’03361163113315361 - ‘2 mraviiatfiefsso'riatsssseffitfifi,'ffld1ui
11111111 1111191111191111.111 1111111111 969-911111111111 113 13131).
11. obl. 617, 3. 1.-111111111, 111 111111, 1111111111 6111161111
11111111 449, ἒ 1. 199. -11111111111111111111 3. 375,
113333013136111131336331611 3361141111111111111111111 mit 111
⁴ 1166,ι 56313111 313. -’1111111 {ab hffifflgne'fflbngattgfflfiffi
1111111911 39 331169 3 3 11111111111113. 3117111111
1111111111111111 569, 3. 5. 111111 1111111111 &m 1111 3111111,

11111111. 31111933. 3. ib. -· 111 1111111111 6111. 1111 ie· ⁴

1111111111 (posteaquam), 3131111191 3111111 (9111111313 939. -· 311

 

