,.

66611161 &666666665666 Ι666666666666666 cum lus. 776

666 666666: jubeo 66 seribere, 66 66666666 (66), 666 66 666666
6666, 666 66666666 66 666 6666666666. 666 6666666666 6666 66666 6666666 6666
6666666666 66666666 666 666666 6666 6666666666. 666162 6662
6666666666 6666 veto, 66 verbim: veto 66 abire, 66 66666666, 666
66 6666666666, 66) 66666666 66 6666666666 ¹). 6666666666 666 6666666666
6666666666 66666 6666666666 666 6666666666 ·

1) 666 66 6666 666666 66666 6666666666 6666666 66666 666 ·
6666666666, 66 6666666666 66666666 6666 6666666 6666666666 6666666666
666 66666666 666 666 6652663 6. 66. 666666 (6666 6666) 66 6·-
66666 666666 6666 666 6666666, 666 666666 66 6666 666 66666666
66666, 666666 6666666 66, 66 166666 666 36666666666 66666666, 666
66 6666666666 666 66666666 66666 ieet 66666 &661666666666666662
66666(6666),6666666166ί, - 666 666 6666 6666666 666666.
6666666 66666 6666 666 6666666666 6666666 666) 66666666 (66666666) 666
666 6¹¹ 666 66. 66 666666 66616666 66 6666666 666666 666 6666
666666 666 6666. 6666, 666 6666666666 6 et 666 6666666666 666 66666666. A

(166666 66666 66666666 666666 6666· rem2666m6666666‚guc16ernctscc›eorecmnparm
666666666661666.3,9. Vale 6661666 666666 qu 6666666666 66666666 666 66666666
66666666666.61.10,9.

2)(66666666666 6666 666 6566666666 666 68666666 666666 6666)
666 6666666666 6666 66, 6. 66. 666 666666 6666 6666666 (6666666. 66
666666 66 6¹¹ 66666 6666) 66 666 666666 666 6666666, 66 666 66666 66666666
666666 6666666666 666 6666666666 m 6666 6666 66666666 666 66666166 66
6666ss 6666 666 166666666666666663 6. 66. 66 666 666666 ,66
(6666666666 6666666666 6666666666 666 686666666666666. 366
666666 6616 666666 bet 5366. 6666, 666 6666666 6666 Suf- 6666666.
Caesar jubet legatos 666666 66666 -- pontem 66666666. 666 6666
6 66 666 66666 666666 6666666666ῐί6), 666 bie 6666666666 6666666666
66 666 66666666 6666 66 6666666666. 66 166 66 (6666666666 meg:
66,6)666 -666686666666666666666, 66 jubet pontem rescindffi).
66666666 3666666666666666, 6666666 666 6666666666 ei 666 6666666666

66 6666666666αηῦ6666666666666666, 6666636666 ’
6666666666636.Md)6666'6666616166666)66166,j666666

66666666 6666666 6 66666666666Μ666676

66666666 66666666 66 66666 6666 6666666666 »6636666666 66666666 66666, 66666 666
6666666666 66666666 6666 66666666 6666666666 6666666666 366666666666666666 666 666666 6666
666.6666666366 66666666 6666 6666666666666666 6 666 6 6666666666
6666666666 666 3666666666 6666666 6666 6666666 66 66666666; 6666. 66 66666 666 6666666

666 666666 666666, = 66 66666616. 666 666 66666666661666. 66 66666666666661666 -

6666 666666, :¹ 66 6666666, 666 666 66666ς 6666666 666666.

 

