911. 111. 1111911119 911 9199111111. 183

1) 1111111911, cardinalia, 919111911919111118191
1111919111111911111111, 911111111111111. 9111111911111
19111, 1111191 11111119111119, 111911 1111 111 9191111111 911 111 11111
9119119 mit 61911 1111111 911 1991111111 11119111 111 (1119111119

111911 milia 111 9191111111. 9. 2109 (9.9111111111111111111
1111111111,1ι11111111’ ιιι Hernico agro quinque 11111111 trecentos. ,
L· 3, 5, 911 91 11111111 111 9. 290. 1191. 1111119111 Galli Rus-
11111111 aliquot populi conveniunt. L.21‚24. (9911111111ιί1
119919116191111111111, 111 11111 111 1111 911 9111 11111111 1111
9111119111ιί9 911 1199111911 11191 Tot milia gentes 1111111111
111111. 91199, 132

219111 91111191919111, 0111111111, 9191119111 11111 (91
91111111 91119 111 3191, 111191 91111 31911111 111 111191 1111 1119
111111. 9111111111, secundus 11911111119111111, 11111, 111111
11 1111111 399111 11191 111191 111111 11191119 1911 111 91119,
111 1111 1111111191 9111193111 111191191111911911191111191,
111 111111 9111119111119 91119 11111 9191 1111111111.

Meae totius orationis . . . 1111 sunt rationes ¹), vna 111111111111111111-
minum, altera docendorum, tertia 11111111111111. Harum trium partium

1111111 lenitatem 1111111111, secunda 1111111, 1111111111 desiderat. (1019, ,

991119111911111 111 911 91111111 911199 91119 111 111111,1111111911191
1111911, 11111 11111119 111911 111911 1191919111 9111119 11199119 91911911
111111-1119111111 111111111111111,1111191111111111111 911 9111111111
91119111919111919191111. 5. 910, Q 179. -

9111.1.1)11Σ119111919111 1111111 11911111111911 11111111 111 11191·
11111111911111111. 11119191 11139 91111 11911. Annus millesimus 11111911-
111111111111111111 secundus obet 111111.

9111. 2. 111911 quisque 11111911191919111 11. 1291. 11111 91111111 1

91111111, 11111, ιιι 111 111 91111911 111 111 11191111191919111 9191191111
99111111 11111119, 91111111 1. 1. ιι. 9191111911, 11111111111911 1119 911
11911119 111 11111111111911 9111111 111111, 119111 (9191111111 1119191911

11119111. Ratione utentium duo genera ponunt, 1111111 unum, auorum 1111111- .

num. e.0ff.2,3 (11111119 (9111111, 91111111 1111111911). 9111119111 11191111
911111111119 1111119119191119111 9111111911 1111111 111 9111111111

31111111 primum 1911 primo, secundo, 1111110111)11919911111111119119119
911111911191119111911111119191. 6. 991, 9111. 1.

31 9191911191 911911111911111 119111111111191611191
9111111111 111 11111191. 911111111919111191, 119119 11118191
111 111111 111911111 11 11111 1111919111 9191911 11111.

11111119 1191 1111 dedi 11111 bina (1191111) 911111111111911911111
111111 911. singulis 111111 bini consulu: 1111111111, in 1191111 8191101)

Ἀ...-

1111 1111111 11111 111 1111 3111111 11 11111911

 

