492 ..11111111 311111. 61111111. 111111.

372 · 1 911111111111111111111 18111111111111111111111111111 anan
,111 1111 111 (11111111 111 1111111111 111 111111111111, 111
1111111, 131111111111111111 1111111. Major quam pater (est),
1111111111. 1111,- 1. 1. 1111111111 111111 111 (1111111111), 1111ι
111 1111111111 1111 1111 111111 1111 111111 111 1111111111). 1111
11111111111111111 111 11111111 1111111111

1111111111111111111111111,11111111 1111111111 hurd)
1111111111 111 11111111111111111111. 581 11. 2.) 111 11111111
1161111111111111111111 111111111111111 Tullus 111· ἲ
11111111111111111,1111111111111(11.111.1)Ν1111 111111 111-1
soit, quam lacrima (sc. 1111111.) Parentes magis 1111 quam Jra·

“ 1111111111).11111111111111111111111111111111111111111
’ 111111 (1111111111 11111 1111111111 1), 111111 111111 1111 111
111 111111111111 1111111111 1111 1111 11 111111 111111
11111111 111 6111111 111 111111111111111111111111) 1111111 1
11111111111111111 111111111111111111.
)111111111111111111111111 111 6111111 111 1111111111
111 11111111 111111111111111111111111111111111111 1111110, 1
11 11 1111111111 111 1111111111 11111111 111 1111111111 111
111111111111111 111 ῧ111111111 11111111111 ῶαε
111 111 1111111111 111 quam 11 111 11111111 11 1111111111.
’1111111111 Tullus ῌ1111111111111111111111111κί1. L. 1, 22.

1311111111 nihil 111111 arescit. C. Inv.1, 15. Fortuna plus
humanis c'ousiliis 111111. L. 44, 40. ⁸

b) 11111111111111111111 1111111111111 1111111111, 11 111
1111111111111111111111 11111111111111, 1111 11111 111111
111111111111111,11 1111111111111111 1111 11111 1111 111 111
&ubiect 11111111 1111111. 111111 1111111111111111,111111
111 1111111111 111 11111111 111, 11111 111111 1811111111 111

1111111111111111 111111 111111 1111111111 11 11111111 111 111111111111111111 ’
1111 111111 11111. mie 1111111111 &nme 111 1111111111 111111 111111111111, mn·
1111 111 11 11111 11111111 1111111111 11111111 11 111111 111111 111111 11111111. 01111

· , 1111111111, 111111111111111111111111111111111) 111 111 111111, 11111111 111
111 1111111111 1111111111. a& 11111111 1. 701.) 9111 ct 1111 111 1111111111 &adn 111 111 1
1111111111111111111111, 1111111 111 111111 11111 1111111111111111 11 tinem 11111
1111111111 1111111 1111. 11111 1111111 1111111 111111 11111111 111 11111111111111 mit
111 11111111 11 1111111111 mie: 11111111 1111111111111111111, 1. 1. 11 1111111111
1111 11111111, 11111111 111111 111111111111111, 1. 11171112. 1111111111 1111
11111111111111111 1111111111 1111 111 1111111111 1111111111 &prumen- ε. mu·
11111 111. 1111111111 11111. 1. 112.

· 111111111111111 11 1111111111 111 1111111111111111111111 111111 1111.

3. 11. homo callidior Phormione, nub: 111 homo 111 11111111 Phormione. 1

‘ 1

 

