555. 1. 5455555555. 555555555555555. 5455555555. 939 ’ ι

45545445 554545 4544545 sempiternus novet. G. Somu. 5. sie
4554, 44 ‚ordinem 554555 totorum ord 5 conservaret. C. 04. 2, 85. Non
54454 , quomodo 444445 possint 54444 praesentia praeteritae 554 aptatu.
G. 5444. tta. 445545 544454 5554454544 545545555545. C. 54455. Le·
554 supplicio 4545445554 55554555, 4554544554 45 5545445· 55545. C. 4445.
2, 5. lttttt¹ 555 5455 55545 55554555 5555555555 5454545454 5. 55598, 44555. 2.

, 44555. 4. 555555 45455 54555 5455555 44555 4454555 5555555455 5. 58. Vix
44 555545444454545 445 544445455554445 oratam 44555445544. ¹ C. 05. 4, 2.
1445545 topia vorborum 5554554 gignit. C. 04. 3, 34. Pausania 554-

54545 betti 54555455 turpi 455544 4445414544. Nep. 4, 5.

25555544 5 (5455555 5555555555555 545555 545 545 55555· 684
54555555 555 5555455 545 9444555555 555 9445555555 5 (55454445) 555
545 5555555555555 5555 555 4444545554 555 94555 (εὐρυθμία,
numerus oratorius) 1), 554 1445545554 5555555 4445555555. .
4) 555 5555555555 5555 55555555 555554 455455 555 555
555555555545 555 55555 45 555 55454555 Ι55 555 5445 555, 555555
555 5554 5555555545 555 555 54555555,555555555 55545, 4545545 54455
545555 555555 555 55555555 55 54555555. Gt 5554555 45 545 55555,
555 5 455555 5544 54555555 55555555555555 5555555555 (5. 58. 44·
gens 5444454, stirps 5545554445),5555 55545554), 55 autb 555 45555455

5555555555 5545555555 455 5455555 5555 45 54554555 555555 5555455 ..
[55555555 5555555, 5555 54555 5555 5455 55555555 5555554 55554
&att 55554 ⁸), 555 55555555 545555 555 5545555 55 5455555 555;
· 5. 48. Quum 5455 55 saepe 44444 fuissem 555445 5555555 cum 55
54555 saepe 554. - Res mihi invisae 54555 sunt. 5555. Quint.

9, 4, 44. 5 55 555 5555 55 54555 5455555555 555 45555555555455
555555 5555555 5555555555 ..5 58. 4444 mihi 44445 de 44 spem ade·

mit. 9455 5545555 4545 44555 555 5555555555 tm 5554545555 54555

5555 5555 44555554 54554 555 4455554555..
5554. 44555554 4555 5554 5454455555 44555 54554 55545445, 45 tt, 555455
554 5555555 5555555555 454 5554545555, 4455555 5555 nicht 5445555555 5555455.

...ο-

44 Dm 44444 m, qun permulcent 45544, tow 44 murm. c. 04. 49, m.

4) 4454555544) 454455 4455545, 554 55555 555 544454 45 555 4444555455 54554 554545 545
3554555544454555 55545555 4555554 4555. 554. 545544 Θ. 44, 44554 Vocatium concursu·
quun 4454444, 44444 44 intersistit 44 qaut 1455544 544445. Peuma 455545, 4444544454 44454
44 werae 5544 amittunt, 4454444 nt 44444 tt, 4,.95 445155455455544554444454Λδε 544545

4544544444 oentudmtetm 4444555445 ιι4.’4 ·
tt 44445 4. 5 554 554 5544554445 55555555 544455555455, 555544 54555 5555554544 5555
54555 9454555444. 55555555’ 555 44 544544 444 (4444. 44, ³⁰3 5545 iu 5555 5545555554 5444,
vtdtvtci3 5455454455 4354444544444444 444444 oewtpmw ,5454444 444544 qum 4454455444 54455444.
5454 454 54444444 aunam 5 mmmm 4 44 454 55445555 44454
attone 4444444444 444444 454 945545. 444454. 85555. 4, ortt 44, 444444, ε. stt 35 54555555 555554
. 54455 5454 555 454555. 4555555 5545 555 545454 555 54555555 45455555 4454554 4545 54544455
4454545555 5555 654555, 5555 544 5555555554 5554555445455; 445. unu· 45 444

5454454544 et 44444 44 5444 4155455544. Vim 551554. uuo) 454 5544555 44444, 4444, 5454.

 

