5555 5555555

ἰ... 555. onom ooo 55555. 555.
155, ῐ. 1155. 5555551911. 131. 5551151188.

. 11151155. 555555 87. 555155 6. 17, Q. 1.
11555 128. 5555 129. 55555111.

“ 11551155. 5551511985122. 55555119.
115555 133. 5151155 115. 555155 115.
11555119. 55585,8.2.6.75,91.1. 555551515 87. 119.

· 115585, 7128759151. nequeo 115. 55555515111.

1. 123. 51555 119. 5515123.
115555 115. 515511151. 51551 155.
715555128. , 51155128. ,5515551195
115555131. 51155 115, 8. 2. 131. 51555122- ·
11555 139. 51555 125. 51587.
15 555 131. , 55 85,·8. 2. 515555128.
1 51155. 55555128. 515555119.
15555 127. 5515 113. 515515 129.
Ι15555511 151. 55555 85, 8. 3. 123. 515515 119, 8. 5. 121.

’ 1515129. novi 191, 3, 5. 5155155121.
15555 127. 5555 121. 5155857125. mm.
155858219181.117. 55551587. 51155129..
noco 139. · 555 85, 8 2. 117. 5155 117.

555155 128. 5551515139. 51511 151.

5555555 139. 0111515555 131. 55551151 155.
551155 87. 1 51515585, 8 2128. 551155 139.

55515 115. “ 5155155 85, 8. 2. polliceor 133.
555515, 555 118 8. 515515555 85, 8. 2. 5555 122.

modo, 555111. ’555515 122. 55555 118.
5555555115,1,5.2. 127. 511151. 5555555119.
5155555128. 5115515115. . 5511551998135.
5551555133. 515585, 82 875811. 5515 85, 8. 3. 129.
555115 87. 128. 1 - 5555155 128.
nomini 151. 555515 129. 555555115122.
mmor 131. 5555151155. 5555515 121.
5551155135. 55555155· 135. 5555555155· 131
noo 87. 551155 135. 55555155 125.
5555555128. 55155199,8.191,1.131. 55515515115.
5555555133. ovare 152. 555555 115, 1, Β. 2.

‚ 555555 119 8. 3. 15515555· 118. 131. 5551155115.
notior 115 8. 2. 135. 551155 128. 5555515555 131
55515 122. 55515 115. ’55511555 153.
15155117. . 55555115118.119. 5551115555 19.
55155 129. 55555 118. 55551555128.
5551555128. s 55555128. 55555121.

551555 119. 55515 87. 191, 1. 118. 5555555 92.
minuo 117. ·⁸ . 5551155 135. 555515· 139.
5515555 128. . 55515515139. · 555115 115.
misereor-1³³. 55555 Θ. 75 911. 123. 55151151.
minoret 155. 5155555131. 55555 118.

„ 5551115129. 55155128. 555155131.
molior ,135. 551155 57. 131 , 55155128.
55515122. 55555 121. ι 155555123.
moneo 128. 55515 119, 8. 5. 555555 152.
55555155 125. 5515 118. 55511587. 129.
5555155811911131. 5511151587.119. 5555115.
moveo 191, 3, 5. 125. 55115 118. 555555· 131.

555555 139. 555151 125. 515555 ὅ. 75. 91. 1. 123.
5551555127. 55515 118. 15 129.
111111855127. ² 55555115 115. 555555139.

ww 118· 5555555195, 5, 5. 5551587. 122.

 

