111.11111111111111111111.. 1111 ss'

1111187.

1111187. 128. 11811.
11111 1181

Debeo 128.

11111 155.
111111187.

1111111 111.

1111 11811.

1111111 110.
1111111111 111.

dego 110.

ἆθιςῗ ¹8⁵, κ. ²· &- 221
1111111 117.

1111111 87.
11111111 180.
deno 121.

· 11111 122.

11111111111.

. 11111111181.

1111 101, 1.111.
111111112.
diffiteor 188.
diligo 111. 110.
1111111120.
1111111110.

diseo 101, u. 1. 118.
11111111 120.
disperdo 11811. .
11111111122.
distinguo 110.
1111111120. x
1181, 21. 2. 121.
doceo 128.

11111 101, 01. 5. 128.
11111121.
dormitorio 180.
1111 101, 5. 110.
11111187.
111111. 11811. 111.
1111128. ,
11111187. 110. 122.
1111111128. .
1111111.
1111111118ἐ80.
111111 .
ωῶ12Μ.
111111180.
11111120.
exardesco 121.
1111111111 121.
1111111122.
1111111120.
1111111.
1111111128.
11111111.
1111111110.

exoieo 81 01. 2.
11111111 81 01. 2. 121.

1111111111*ι
11111111δ.188, it. 1.
exstinguo 110.

exuo 81, 11. 2. 117.
Fooosso 128.
1111187. 101, 1. 111.
11111118.

111111127.
111181112110. “
111111181.
1111111218.
11111111111.
11111125. ·
inim, suom 1. 1111
101,1,1.

11111111.

11111180.

11111187.

1111 101, 1. 121. 112.
1111111110.
1111111111111 111121.
111171.

ogo 111. ,

dodo 111.

flogo 110. ·
111111.

111111128.

deveo 110.

11111 110, 11. 1.

11111111, 111. 81 8. 2.
disso 110.

1181, 111.
11111128.

111 81, 1. 2. 111, 1,
B. 2. 111, 11. 2.

³ 11111. 111.

111111 180.
1111 0211. 8.
foveo 121.
frango 111.
fremo 122.
111111 122.
ideo 120.
frigeo 127.
frigo 111. ·
frondeo 128.
11111101, 1. 111.
fugio 111.
111111 127.
fulgeo 127.
fundo 118.
111111 181.
1111187, 8. 1. i.
1111 121.
Gsodoo 11.
gemo 122.

gero 110, 11. 1.

sisso 122.

globoso 180.

111111 87.

glisco 121 11.

111111 180.

giobo 121.

gradior 87. 181.
111111 128.

1111111 111, 1, n. 1. 121.
1111111111, 1, 8. 2. 127.
11111 158.

debeo 180,

hio 81.

hisso 121.

,horreo 128.

111111 180.
111111.
11111111011.
1111111187.
111111187. 111.
111111 81, 11. 2. 117.
1111111128180. ’
1111111111.
impleo 81, 1. 2.
1111111118.
1111111128. “.
1111111120.
1111111128.-
1111 11811. “
indulgeo 127.
1111181, 11. 2. 117.
1111111, 180.
111113 1191. s
inoloseo 81, 11. 2.
1111111110.
inspicio 111. x
intelligo 111.
111111111 118.
1111111111.’
1111111181.

“ 1111111 181.

111111 128.

’111187.110.

flbflo &Amy mos· ¹¹⁵,
1, B. 2. 127.

11111110.

1111εέ5101, 11. 8. 101. 1.

1111111181. , “

1111111121. .

luciosi.

111111180.

11111120.

lumbo 111.

11111187. ·

1111111 121. 128.

1111111181. ·

11111128.

1111111121.

 

