111 11111111 1111111·11111’1

2111111121). .· 8111. (1111111. Μ.·1111111 11111111111111111111-

111111111111112. 1111111121 scythae 1111111111 alieno 1
1111111111 11111111 1111111111· 1111111111..11111.2,3. Mihi vi·
11111111111111111111· et 1111111111 mors 11111111, 111 immortale
1111111· 111111 Lamp. 5,.1. 1
’ ..1111111 21111111· 1111111111 1111111111111111111111111111, 111 1
1111111111, 2111111111), 211112). Qui 11111 111 1112111111) vitam tristem do· 1

1111111.ῃῖ11111,,20. 1111111111 1111111111 11111111111111111111111 mae-uit.
111. et

291·’211111)1. 211111111111111111111111111111111111111 ’
21111111 1112111111 111) 1111 2111111111 111 11111111 211111
,,111111111111(11111111)1111121112111111111111,11111112111111

’ legor, 111111, creor, 1111111111111, 1111111111, 11111111 1111
1111, 1111111111, 1111111111, 1111111111 1111111111 11111111,
su‘ffieior, 11 11111111111211111111111111111111.211 11
1111112111 1111111 111) 111111111111 2111111111111111 111 21111111
1111211211111111111. 1,11111 1111 1111111111 1111111111 111

1111111, 1111211111111111 1111111, 11111 11111 111) 11111 1111111 111.
2111111111 311111 11111 1111 1111,11111·111111111 1111111 11111111
11121111ᾒ11121111111111 11111121111)11111)11111 ,

11111111111111 11111111 111111 1111 1111 21111111 111 11111 1111111

1111111111, 111111121111111111 1111111 1111;1.2.Ρ111111111
in senatu tertium 1111111 111Ρ. Scipio Africanus. L 38, 28.

81111111111111112...0111111111111111111111111111.Ιι.5, 46.

”’ 211112 211111121111111121111 111 1112111111, 1111111

111 11111111 1111111 1111 112111 ’1111111111 ’211111 11111111
1111, 11111111, 111111, appellor, 1111111111,11111115)’;1.2.

3111)1111111111111111111111211111,11111111111111 111111 ,

·’,’2) 211111 11111111) 1112111111111111111 1111111111111) 111111 111 111111,1111ω11
1111111111 111111111211111111111,11)·11111111111111 1111111111 11111. ’

112111111111111 1111111111) ’1111111 111, 11111 Lem 1111111111) 111.

’11.21111111111111 1111111111 111111, 11 wie 1111131111) 1111111111, 21111 111
211111111111111111111111(1. L 111111Μο1111111111111111111)’1111111112111111111111111
11111 111111 111111 111 1111111111 1111111111111111111 11111111 1111 suasum· 1111.
11111111111111111),1111111111111111111111111 1111111 111111111111111111112111
1111111111, 11111111 111 Labicanum 111111 1111 1111) 111 1111111111 111 1111 21111111
1111112111. 111111 111Ι 1111111 1111 1111111111 1111111111 1. 1. 11111. m 11 11111111 11
eiam 1111111111 11,ωο11111111111111111 111 111 111 1111111111 111 careri 1111111111 11111111
111111 111111 1111111111, matut eo ο,1111 1111111 1111, 111111)121111111,11111111 11111111)
111111111111111111111211111111111 111111, 1111111111· -111 1111111111 1111 11111111 11111
11111111) 111 2111111 coma, 111 2111111111111111111,111111111111111121111
111 11111111 1111, 11 111111 111 11 1111121111, 111 11111111111111111111 111 111 11111111

’ LonLuth 61111111 11111 1111 epistol ascribitur.

11 11111) audio 11111· 11 111111 2111111111 111111 1111111111. ipo& 11111111 ¹vestrum judu
et 1111111111.1111.811.1,7,111.,

 

