111. 11. 11111111. · 111

1111111111 - 11111111 igitur, 1111111111 11111111 111111111111111,
quod 111 111111111111 commodis arbitretur? 11.Τ111.1,11,301).

11111. 1. 1111 11111111 1111111 1111111111 11111 111 11111111111111111111
1111111111 6111111111 1111 &fiee 111111 11111111 1111111118. nod) primum
1111 deinde. (10111, 11, 11, 1111111 1111111111 1111 1111111111 11111111 1.
111111. 111. &t 1111111111 (11111 1111111111 1111111111. G. 01. 2, 11.
11); 1111111111111- deinde. 1111111117 1111 18.

11111113. ῦ1111181111. 11 1111111111 1111131111111111 1111 11111111
111111 1111 111 11111111 111 &aues 11111111 1111 1111111111 11111111. 1111111111
8111111111 111111111111111 1111 11111111 11111111111111111111, 111111 11111
1111 111, 1111 11111111 111111 11111111111111111 1111111 1111111. 1111111111 bas
1111 f. Ῐῶοη 1. 1111. Nam 11111, quum 6111111111 111 11111 1111111111 (111

' 11111 1111 vereor 1111111111 1111111111, quum 1111111111 111 11111111, quod
vivus exierit), sedtum, 111111ἱὶ1111111111111111111111111. Mat. 111.
Ecquid 1111, virtutem 11· unam 1111111111ιεί amitti 111 111111111111), eod
11 mm 1111111111 gnam: 111111 1111111, 11111111 11 mohabitarum C. 1111.
111. 1111. ahmam. 0r.1‚9.³⁷. 11111, 1, 1. Ι

1111. 1. 6111111111 111111111ῐί1) 111111 111111 1111111111111111 ¹
111111111 9111111111 11111111111111111111. 11111 num 1111111111,
1111 ,111111111111111111111 difficultatibus copiarumque paucitate, 11111111
vitum 11111 11111111 convalescendi. 11111. B. Alex. 25. 1111111111 1111111111 111
11111111111111111116111111111111 Signa 11111111 ornamenta, 1111 11111111- ’
111· enodibus 111111 1111111 1111, 111111 . . ,11111111 111 collegium pontifl-
1111 referri. 1131111, 11 1111 11 1111111111111 fid> 11111 111 11111111 111
1111111 1111111111. 11 1111111 111 1111 111 1. 111. 111111111111111 &oni ,
1111111111.

dm

111111111111111.

111 911111 1111 1111111111 1111 &abstentum
1111 ·

1111 &aas 11111 1111111111.

-ιι-α-

111111 1111111.
11111 111 1111111111 111 11111111 111 Me.
L 11111111111111111111.

91111111 1. §Die 1111111111 1511111111111111 1111 111 111613 ’
1111111111 1111111111 11111111111111 11111 (1111111111

Ι) 111 11111111 11 ·-· 11111111111111111 (eina 11 annnorum 1111111111
1111111 1111111 11 11111111 χ1111111111 1111111111111111111111111. 1111111111. 61.

 

