31171711. 1935

17.5.- 5151 5111117511 551, 51 17511711 51571511, 55

5515μ-1311117111111ι71111555171. 51711151, 5151171117111111 557115

51111 1111155 aar& 1111111117 1711155 17333116841153ἰι11”’““εῑῐι
3117773771177177353, 1.·--ω3111111ο 111111571113115113111ίικ 91. 3.

7157117 1155711515351171571711111551, 1555551759

7117 71175533 7711777777 7177771177 t· 15 7.55 1117111755, 3137 3157 3111.-

717 1117117 5117554, 5,.-5 151 ιιι555,,.-51 1111155711. 515151

Aac. 5, 111. 5177 1711, 115. 11, 5. 563.- 57 55 573 5. 3.-57 1155

3, 651.- 9111171715 7571115511 5.,751 575.
77111155171511111111711157151 15515755. 191753

7717711 171 71555- 17777 77777 77777177 1511155. Gen. 353,3. «51155, 611.

511, 151111 151 et 711 5111111111 459,1,.1

591511711771171111511117ῇ111ιι(1117113-εἴ 11171111. ι1113119715 3 ἰ -115117111111 1511
115 55117111 or. 511. 1. -5511 51111111511311,557.,-5-1511ιιι
1111111115157171711151117111111 111 mit 17115. 357, 71 5.

771- 511715717111571111, 1571711 rutum, 13111157 47, 55.

115111 111111. 5117717175 11.-11111

1111111555 15 5111 1111151 1751117 Β·

7171 1111 55117, 111 311. 1111 55117. 5555751111 1177-51117,1715711171,7

333, 5711. ω3711717177ῖ7373 7> [1117 7117111. ι117111173313711 33 ἐπα-ἐ 311

1111115751. 7177111151 15171711 5111111111.-

relinquitur 57 561, 3. 57777711777 bed 5 71111777 77771

relinquo 5, 1111755757) 3511--5 11111 1511511111 575,

..11 ,11. 111. 1511111111111

15177555551515515, 188, 5 l'.

reliquus 711151175171115 771. 5, 55115511111111557, 31117111 1111711.

reliqui rucio 71171111119111117711111 551117511598,1.--51117 1111111171.
711151155711511755ημ454571 . 15 9117 513911

1551555515, Gen. 351, -5, Aeo.. 11. 511111111111115, ,511117517111111117111

11. 1. 1117111111
155, Gen. Ρ1ι11, 196, 5, 1, 3. 1551111555. 311. 390, 3.

1551111155. 35711. Ace. 3611- -,5 1117, 1115715, 7771717777 346, 5. 3.
5115535911 5. 511,13111117.45,5.-.51151117195,
15ιέ1511111 5157111155. 3971, 1119139, ῐ51771.51177.196,5,11, 37
ι
reor, 5159111717517. 494,71.5.-151ι5155.155,394.
1117115111 59175 saltem, 9111157517 599, l.
1571555, 71111, 81577195, 91. 5, 51151115, 7.55 5515113334.
1571511515. 11571. Nom. 394, 37 11913, 5115155, dupl. 1155. 368.
1111.. ¹¹¹0 ιιι ,1111151
551111155535571.5175551515477.
15755551. 15711. 1755, 313, 316,- 11 151,577777.43,ι1.- 5. Gon. 337,,3
316, 5. -15115 51155, ib. -111151, 51775
157151511517551566,1,1,1.--15.7 7777 5117715.
Αιο...,511115651711.91, ’ 5135571511.,.3531- 5..,.111113766
15715715, 55, quominus, 515574 51115 5575. 1757115114911--17113177
157115111,5ἰ11117111171,,3 711177 111 1111771115 55117, 453, 5. 1.
115 71511111 11177 71511111 155 677, 51, -5.111,1)511. 7757711115. 477, 5. 3. ,
151717 ut 531, 311715 1115551117511. 7717711151,
151111,555.5111118157191735 3. 477, 5. 3.
171511... . ..
3117777717 713, 7. 5. , 1515155, (155,3113 1,-·5..ι111379,6.

 

1-1171“

