111 ’ 1111111111 1111111111. 11.

noo 11 ratione prooe'm 11111. C. 111117. Non 11111 11111111· metendos, ne,
11111111111111. 11011111. ·'· ¹ · - ν

1111111. 1111111111 111 111 111111, 1111111 1111111 &obiret 111 ete,
11111111 1111111 11111111111111 11111. 1111111111 11111 1111111 1111 · 1111
11111118111111111111111, 111111 1111111111 11111. 11111111 1111 1111 111,
111, 11111111 11111111. 1. 11111111111611111 1111111111 111111 et ho-
11111 vietor, . . . 1111111111 111111111111 . mileo 1ο doro 11111111. 011.

1,1,1. = 81111111111111 111. Ded) 1111111111 1111 11111 111 1111111111
111 &obiecto (11) fortis cohortium 1111111111 1111111111111111111111. 111111,
lior 1111 spectandus (major Neronum) 11 certamine 11111111,Ι devoto 1111111

' pectora 111111 11111111]111111111111111. 011. 1, 1117. votare 1111 rerum

11111111 perculso 111111, outo oculos interque 1111111 1111111111 vestroe. virg.
Aen. 11, 310.

11111. 1. 111111111111111111 1116111 111 1111111111 11111111111111 ¹
(11111111111 111 1111111111111111111111111, 1111111111111111111 dicor ¹
1111 fortio, 11111111 dieitur 1111 osse 11111111 (1.1. 18111. 511, inm. 1,
⁶ 1111, 11111111111111111111. 11 1111 &oen Tullum regem 11111111 111-
miro ictum cum 11111 conflagrasse, 11111 1113111111111111111Θ1111111ε
111111111 11 111111111111111111111 1111 11111111111111111111111 111 1111 7
· 111 11111 111111 01111111111111 11111111. 1111. 11111. ’

· 1111111111.

’ 670 311111. 911111111111111 111111111111111 1111111111
1111 111 1111111111 11111 11111111111111111111111.

1111111 1111111 1111111 1111111111 mon 1111111111 111 11111111
1111 1111111111 11111 1111111111 1111111111 18111111, 1111111111
1111111111 111 6111111111) 11111111111111111111 nod) 111111 oo:
1111 &abolitor 1111111, 1. 1. 111111 1111111 (61111111 11111111 11111,
111 111 11111111 11 1111111 1111111111 1111111111 1111111 111111).
1111111111 1111111111 61111111 (11111111111111111111 on=
1111111.

2) 111111 1111111111 111111 11111 1111 1111111111 1111111111 111
6111111111 1111111111 61111, 1111111 oud> 111Ι 11111 611111,
1111, 111111 1811111111 111 111111111111111’1111111111 1111 111·
11111 11111111. 111 1111111 111 1111111111 111111111181111 111
1111111111 11111111 11111111 11111111 11 111, (1111111111 111111
1111 1111 111111 111111 1111111, 111 1111 1111111111 11, 111111 1111111
1111111111 1111111111, 111111111111111111111.

11111111111111111111111111 11111111 1111 1111111111 1111 111 1111111111 111111·
1111 11111111. M 1111 1111 111 1111111 1111111 3111111111111111 1111111111 (11111
1111111 1111 1111111) 1111111111. 11111 11111 11111111 111 111111 1111111, 111111111811111
111 11111 11111 1111111111 11111111111111111111 11111 11111111 111111.

 

