,666 66666 6666. 666666. “ 66666. 111.

*gn 6661666, 2 6666166666 66661666 3616666666666 661 666666166666666
6666 66

699 211361 66666116 6666 6611666666 616666166 6666 661166
666 6666666666666; 66666 616 666666 6611666 661666 non· sed, non
66616-6661661666.(18611616161.6. 6331.) 6606 tritt bie um:
66166666 66166 616, 166616 666 61666166 6616· 6666 66666 6166666666
6666666666 66 6666666 1611, 666 6666 6666166661 661 6666661666

6166 61 666116661666 666 666 6 63.

11666661666616 66666611 minim, 6611666666 diligentem nv'gnavo 6-666
6661611666 C. 166. 2, 37. (1666666666ᾱί naturum 166666666666666 1666·-
666611166666661616118 23.

31616666 661 666 66166666 66666 66666· 6666 (6661616666 tn:
6666 &tatu 16166666 6666666166, 66 666136616166 6666
66618661616666 6661666666666616 111, 6666 66661661661166
1666 6616666 166666166666666616166666666 6666166661666 ’
(66666 616 616 66166 666 66666666666666 6666616666 6. 63 ,

(166666166611661616 6666666166616616666 am 616 66166166110166611166116
6166666666 6666666666 61661661 obet. Mater 1666661166 andis navibus 66666666-
66661666666666666661611616616666666616661,16666.11161.6.623,1. ’

700 36661662· 311 616 666 616 6166 66166 6666 666666 un:
66666666666, 6661166 66 6616 616 6666611666, 16 66666166 666 616
66616 66 666 616 &telle 61666 6666116666 66 6666 6666616666 161521
666 521. 1616666616 166 6 666 66666666, 661 66616166· 66 6666 &nm
661666 161666 61166 6666 6661616 66 (66666166 66 616666666 666666, ·
6616616661666 1166 616 1166666666 666 6366666 166 61616666
ῦ666 6666666166 16666 613.

6366661 66 661616 71616666616116 ad arbitrium imperant, 16 66166 man 661

66116666661666 666616666666666611666616 6166661666 aud) 16 6666166666 Dm:
616666 1666616 (1616666661, 116, quos 61666666, quemadmodum 661661, 16666- 6
rant. Cnes.1,36 init. 136666 Homines imperiti facilius 616166 dicta repehen· ¹
dere, 6666666166166661666 16661666 possunt. 66161166 6666166 flamines 166-
66τί11 facilius, 6661616116 61166616, reprehendere, 66666, quod 6666166166· ¹
66666616, 1661666 possunt. G. 06. 2, 74.

· (66 6616 666 6616666 61616666 66666666 6. 673 666 666
1666 666 666 6611666 666 666 61666666 1616661661611616, 16
1666 666 6666 616166 6666 616 616 6166661666- 666 6666616666 ba ²
6666666666 666166666666616666661161666, 666 ‘Bw 6
6666 666 6666616666 666 6616666666, 6116 6166661166 6
6666, 616 666 66661116 6666116666 66666666, 6166111666 ausf61=
166. 1161 61616 6166661666 6661666 666 66666 666 mm 11661666

(66616166616661166, ambitus, pompreheusio, oiro'umscriptio. QuinL

 

