113 ’. 3111111 113111. 33111311. 11311331. -‚

1111113131 331 11313 1111333113 11313 331113, 331, 111111 nee 3113133311
11111313131111133113 13113113113111, 3331331 1131 1133333333 3111 3131
31313133313113131. 11133 3113111313.13.1 3133113133 3133113133 z
13133111, 333 em 111131 11313313311333131). zm 1311131ῐῴ13 ’
333113311131331111131136131133.131133 3113133 3311313133 1331131111.

111113 1121 1311311171, e), 31333 3111111313 113311, res 133 unam
131313. Alexandri 1313111311 3331311113111111. Just. 13,1. Magister Antonii
ee· 3111133 3313113133 est. C. Phil. 311. 1333) 13113, [o 311113 3111111313,
1131 3131131133 13311113 3313113111111113 31313331, 1313313133 1113131
pete 1111313113 113133111311311111113311113 133311, 1. 3. Fortuna 133, qui
liber 1313313, mem feeit, 11313313 13213131. 11331. (1131. 2, 2, 131).
11331. 2. 1111 311 113 11111111, 31131 311113 11313113, 331, 331 11311
33111 111 111331 111111, 31111 1131 11111111 1111113 11331, 1131113 3111 331
1131 1311133331, 113 11313311 1131131311, 3133113331311131131, 13
11111 1113 1311111 (1311111311) 1111313113 (313 31131131) ge 313 3111111 11113,
1133113133 3331131131 3111 13133 31313313 1111 311 3113311133 ed ο.
33333131111113331 31133131 1. 1131133313 *aliquem 3131 3313111111 eligere ,
(131. 5 31133. Loca 331313 331113313αωὶ3 111313.1.11.10,3511. 5. 336,
3,1.) 1331311313 33133 13 311 (1131331113 311131, 311. 111111 aliquem· 31
3111331,1311331313; cooptare aliquem 13 collegium 33333313,3.1.1313
weh! 3313133113.
3waemfflmmmmmwmmmn
3131111131 3131113, tribuo, adjungo, sumo, peto, 3311131133 3331
1131. 1331113113133313113 11131331) 3111, 331 3131113111 (313331,
311 311 313 33111111. 2 3331133313 1111311 ’331 31111331, 1111131

3311 eud) 3313111133311 3311
311131133311111133313113313133 memorem 3333111111.0.1111.1,13.
(1313331331133133131313 antesignenes 1131333331 113311 attribuerat. Caes. 1
3.(1.1,37.113313333 3311113133111113331 313131 deos 3331131313313131113
1111133311. C. N. 11, 2, 33. Atheniensibus Pythie praecepit, 31111ῑί33131
3333313133 3131 1313311111.Νορ.1,1.,1311133313133133313333111313133-
31331331131333131.Ν13.11,2.11113 Valerium 1111113313 3333311111
13333333331133111131131313.1Ν13.211.
11331133311313111131111331311113131113131113,3113131
1113111313 331 31131131, 3133 11 113 3133133113 111, 311311 331 333 1311111
3133131311. 11111131 3113 311 11313 811333 311 1313111) 111, 313311 113
' 11313113 111, 1331311, 1. 13. 11 11131 fid) 1113. 1131 11111331 311 3311

n——n-—u—u—

3111113113331331131313313131313113131331113311613113111331313,
3111 11313 11313 &tunt 3313333113, 11 311 331 311111 31131131 13 1111113113
31331 113 1113 311 etue! 1133311313, 311111 311313. 1131131 333 se 3111 1113 1333, en:
313 11113 13 11313 31331333333113. 111113311333111331131113113133111113
311113 3131313113 1311111113.

²) 11133 31111 1111333 313 11133111 313 taem 13 311 1111131333 1311111113, 13
311331331313111 Xenophon Socratem [1111 aerumma 111. Cic. 11. D. 1, 12 311 333311
133311313131113113111111313111333331113. 13331 331111 111 seem 133331. 1. lut„
1. 3. Fue, 1313133 nen 33333131 post 31311313, 3111131 en. 1111 31118311, 331 11. 1331. 5. 331,
1 1 111111 11111 331 secere 1311 de 11111113 1311313313 1. 5. 111, 1131 11131.

 

