811. 111818111111811 811111 181111111811111111. 153

nomen 1111111.1.1111.1,31,111) 111111111111111111111,1111 111111
percucurri... ,11111111Ι loquendi planoque 1111111111.8..01·.3114 52 ’8 ,3338
11111. 3, 28, 91, 2, 29, 128. Tertius 1111 modus transferendi 111111. 111. 3,’
1111111. 811 britte 1111 (81181118811111111 818 1111811111),1811181
81118111 8111 (8181111381 11111 881111111111 111118 111811. 81111111811111111111
ceteris 1111111118, 1111111111,1111111111111,111111111111”1,8111181111 18111111 repen&
11111111111118μ ..11111181 1111111118,·11111111 1111111 deleti 11111 8111111118
1111111111111. (11011. 2, 811111 1111111111 111111·111111111,111111111 dandi
81111111,11111111111·111111111114,) c.0ff'.1,15,48.

8111181111111111111111 811 11118 1181 1118111111 1111111111 111 811 811
81818111111111111111111111181111181111111111111811111111811111·
11111,1111111111111111111111111.

11118111) 11118111 sud, 81111118118118111111 1111- 1811111111 111111 1111111-Ἃ
1111183111. 88, β18111111188833111111811.81111111111118111111111,1111111111. 111.
8111231111. Ρο111.1.2,. 8, 1111181111 8111 1111111 8111118811,111111’
181181. 8111111111 1111811111111111 811 81111111 1111 1111111111 111, 1811
1111111111111 111811811811111 1111. Exponam 11111 8111111111111111111,
1111111. C. 11111. 2, 51, 131. (2111111188118 11111111 hahes? Τ11·. 1111. 1, 4'.
81,;111111”11’11111811, 111 1511111, 111 8811111811, 1111181181. 111 1111818111
81118 811 8111111111 811 8111111111 1111811111, 811811818111111 1811111114
111111 8111111118 1111111111 1111111111 811111118111111111111111111. 11111 8111·
1181111811118111188118111111111111,1111,811,111111111181111 (81111111, 111
81111111 Γ 18 111 8111 31111111111111111811 11111, 811 81111111 1118111111·
111(11.331,2.)1111181111 111;1. 18111111111111118181811118. 1,·111· 2, 28,
181111118111111111111111111111..7,21. 1818118111 11118818111118111
8111 1181111811 1111811111 811111 88111111 1111181811811111811111111111
1811811181111111111 111 1111 11111 1118181111,1118111111111111111111111811·
811811111111181811118111111811111111 8111111111) 111· »psum 1111111111
praetendentibus 111. L. 15, 12, 8.,1. 11111, 1111 11111111 1111111811 8111118Ι
1111811111). 811111. 1111111111 801211111881111811111.

4.(11111111111111111111811.
18· 1. 811 18111111 811 8111111 18111 1811 1111111111 11118 339
1111118111 811811111118,81111111111181 1111118118111

8318118118111111. 8111 1118 111 1811118111 suum 111811 11111 111 8111ίηί111111 811
81111111 811 811111 11111111 81111 8118111111 811 1111111111, 1118111 111 81111 811 81111111
1118111111, fo. 91, 81111

118111 118118111118118111211111 811 8111111811 (8. 1 1111111111) 1118 811811111- ' .
11111111818 1111811118 11111111,11181111 8181111 111 loqu 11 1118 81811111 1111111 11111111 11188
8118118111 8111111 811 1811111111 1111, 1111111 8111111 1111111 81111111111111811.
311 18111111 8111111111 1111111118 111 111111 8111111111 818 811118111181111118

3881. 1111111111 8111111111,1111181 1111818111 8111118111 111 881 1111 vlo ο.11 1 w 8111· 18111111
1181111111 111111 1111111811 8111111111 811 11811111 111 1111111111 11 causus 111111 11118111

1) 81111111 1111 8111181 111 811 8111111111111181811811111 u. 1. 11.

18111111 111 8111111118111111111111111 11111111, 1111111111, 111111 81111181 61111
fitam. 111 11 1111 1111181111111118, 811 811 8111111111 hono, 11111111 1111 811 1118118181·
111181 811111 11111 11 111111 1111181111 6111111111. Dalm 1111111 fio 81111 111118 111 81111
8111811111 819118118181811881111111. ·

 

