magistet. , 1111
quia, 6111111111 116 6161111111 597, 11111111. 611111111111111161-

1.-1,1111. 11 (1111. 638. - 111

1111 1. conj. 11 1111. 638, 6. 1.-

, 1. Aac. 1. 111. 651,1.- {cltum
,5111111111 531, 11. l.

³311&un 1111 1111. 6568861113.-
1111111115

1111111111.1611131111131.-11111111 6111111116 111,-11111111 11,

666, 6. -1611111116 1111111. 667,6.1; nove, 111 6. 568, 61. 5. -·

645, 6. 1.
1111111 1111111111. 6111

11111 1611111111 139, 116.
111111 111111, 111111, 11, 1111 585 6.1.
11111 111 111111, 111. 111. 585, 6. 3.
11111 1111113 661, 1.
quid-nisi 585, 61.
1111116611611111, 1.-11111111,

1161114111. 1111111,

161-1111111311111111Ξ611 ’

1111511111 .
11111111, 1. - ’11 supeant.. or-

111111.,1·1111., 11111. 11116 11111111.
Pron. 111. 1. - 6611111111 61116116
111 6. 571, 61. 3.-111 1111111111.
'hle 1111 mom· Ε· 376, W· 30⁸*Qtd‘
iffi 294³ 1.-11 1111111583, 651

1 1 ·

11. 61. - mit 111111 6111116111, quinquin, [6661166166 431-1111116
11. fl. 5. - 111 neseio 1111 111. 111136,11.1.-1611111111 5. 575,
11111111 118, 11. 5.-1111 nonnul i, 61. 1. - 1111111111111. 7, 615

1111111, 111111 438, 6.

645, 6. 1.

11111111, 1611111113 568. - 6116161611, quitum, ssuant. 47, 6. 1.
111,-1111111116111111111.11.111.- 1111111169, 1; 11. 6. 1.

111.

11 auidum, 11111. 1.-111 quidem, 111, 111111. cuditis& 416, 6.1.-1. (111.
.3. - 1111 11111111, 11 11 337, 3.

31111111, 16. 6. 4. - 11 1111111, ib. 111, 1, 1111111

,5.-111111111, 11. ,6. 6.- 111-11(1ο11,61161111111591.·-61161 “ ¹

11111 11111111 5111,11.1.-11111111
5683 661, 1,1; 111. 6. 3.- 11111111

1116131 1331111111, 11

111111 1116661. 691, 1.- 1165161111 111 1111 4161 117.

11111111 116ἐ1ῧ141811 1111111611, 6111
11111161υ6161111111 15113.Ι ’
quilibet 419, 11 16. 6. l.
quin 1. Cous. 611.-1111111116. 1111-

111 1111, 1111111111 111. 661, 1.
111111, wentana 586, 1.- 16111).

11116 1. 11111. 1116111111. 636. - 1.
61111.11111111. 631.-161111111116
1. 6111631. - 1. 1111. 633.

11161111 575. - 11161 111 dubito 111. 11111 ejus 6. 791, 11. 11 358, 6. 4.
576. - 6111111 116 1161151111 111111· 11111111, 6116111116 546, 6. 1. ·

111, quin. 11 75, 6.

1111 possum 111111575, 6. 3. - 1117 auf 1111111 11111111 &ab 6761111 550

1111111111 61111111111111,1111 11,
1111616593,11.1.-1111111111
1111111616 &ape 1111 111 111 535, 6. 3.
11111111 746, 4.
61111111 5. 611, 61. 1.

111111 111 1. 61 . 61111. 1. -

111111111611116611 1116111 11111111
111 111. - 111111116 11 1116111111.
1111111 1111 1611111111 6111ῐὲ11.ῃῖἰῖ
6111661111 111 16166111 11111.

,.111.1111111533151111
1111611116 16ἐ11ἓὲ1ἑ16 5⁴1³} {1- 2232}
pdlfnifigubemiudef.Qubetquipffl.

1111111116111111) 1 . 1. -111111
§atim 6111111, 111. 6. 1.

.- 11111 quod, 1111111611 1111 1111115, 1.-

611.-,6111111111 1153116.
3,1.-11111111111111111111,
ib. 6. -1111111111111111111 111111),
16. 6.4.-1. 1111.1111.(11111111)111.

, , , , 1111,611ἓ111611,611111111557,11.1.
111111, 11611111 61111116 517, 111. -11

111111 311111665166-611611616
111 Β1111113.11ξ113111.--
111111111111 11111111111111111 11559,
1. -Ι 111 erm 111111 11111111 3311.
1661111111,1151611111111
111111, 111. 6. -111 6116111161.
,1111111111 .
1111 1111111561, 1. -1111111 φ
5111, .1.-1111111.111.
11113313 31113 311111·

1 1 ·“““

 

