bet 18 188888188811881181881888818118881888. 1818

1181111818 11111· 8181111111·
8811888118, 1888188128188. 1888812ὅῖ ’ ,

, 8811888118. 8188 ὕ. 78 st 1. 128. 188888127.
88118 118. 81118 11811. tergo 118 81. 8.
8818118 118; nobrio 87. 1888 128 8. 2.
8888 118. 8881887. 188888 128.
relinquo 118. 88188 71. 188 11. 18811887.
8881818888181. solvo 117. = 1888122 .
8881188 188. nono 181,1.128. timeo 128.

8888 188. 888888 128. tingo 118.
repetentia 128. 1881888128. · · ,18118118 121.
8888818128. 8881188188. ⁸ 188118128.
8888 121. 888118 87. 1888 128.

. 88188888118. 888888 11811. 8. torpeo 128.
88888188 181. 888818 87. 118. torqueo 127.
revivisco 118· 8. 2. ¹2⁴· 888888 6111811128. 188888128. ,
rideo 127. splendeo 128. 18818 118 71. 2.
rigeo 128. 8888188128. transigo 118.
8111881131. 8888818 188, 8, e. 188888 122.

8818 128. 88888511. 2. 117. 181188 117.
88188 128. squaleo 128. trudo 128.
8818 128. 818188 117. 18888188.
881818. ‘ 1111181212· 188111·
8 8 · ·
88118 128. 818818122. turgeo 127.
88118 118. 8118888 118. Ulciscor 181.
ulva 158. . 818 88 71. 2. 128. 8888118. ι
888818 127. 818888 122. 88888127.
88818 87. 128. 8181188 118. 128. 888 118 1„ 1.
888818 127. 818118 118. utor 181.
881888118. stringo 118. Vnda 128121.
8811887. 81818 87. vale 188.
8811818 128, 81888118 11. 2. 88188 128.
88881887. 818188128. k ' 888818 71.
88818 118. 818888 128. ¹ 88888 188.
888188 121. 881188 127. veho 118 71. 2.
888818118. 881188118. · 88118118,
888188 188. 8818188 128. vendo 11811.
881818 118. 88888818 118. veneo 71.

’ 8818 81, 71. 2. 118 11· 8818888888 128. 18818121.
881888121. 88888871.2.ῦ.78.81.1. venundo 128.
8888887. ’ 888888 &nm-mm. 888888188.
188118 121. 881. 128. verro 118.
8881818818 188. 1811888112. verto 118.
sculpo 121. sugo 118. 888888181.

8888 181,1. 128. uum 82 u. 88. voto 128.

88188 128. 88888 121. 81188 128.

seligo 118. mo 88. 71. 2. 117. vieo Θ. 78, 81. 1.
88888188. 88881188 128. vigeo 128.
8888888 121. surgo 118. 818818 127.

888118 127. Ι1181188188. vineo 118.

8888118 128. 18888128. vireo 128.

88818 127. 1881811811. vito 118.
8888888181. “ 18888118. ’ vivo 118 ss· 2.
8888 12811. 8. tuin 188, 8, 81 volo 122. 118.
8888 122. tego 118. 88188 117.

88888 121.Ι 188888 121 U„ 88818122. - 88888128.

 

