111. 1. 1111111111111111. 1111111111. 393

111111 1111111111 111 1111 1111 111 1111111111 11111111, 1111 111
111111 111111 1111111111 G. Junius 1111111 salutis, 1111111111ιὶ
voverat, censor locaverat, dictator dedicavit. L. 10, 1. Ρ1111·

11111111 veni, neque inde 1111111111 quaestor (ε quum quae·

1111111111)111111. C. Or. 2, 911, 365. 01111111111111 11111111-
111111 11111111111111. Hor. 8112, 3, 22. senatus [11111111

convenit (11 111111 31111). 1111111. 111, 12. Hostes 11111 (eim
1111) se ostendere coeperunt. Caes. 5, 17. Nemo 1111 111111
11111111(11111111111111111,1111111111). C. Mur. 6, 13. 11111111111-
111111 (111111) perdomita 111. L. 28, 12. 1111 1111111111 ipsa
fabricata. C. 01. 3, 41, 178. 1111111111111111111111111111111
11111 1111111111 11 11111 11111111 1111111111, (1. 11. calore, quem

111111111111111. C. N. 1). 2, 54) 1. 1. 552, 21. 3, b·

1111, 1. 1111111111111111 1111111111 11 1111111 1111 11111111 1111
1111111111111111111. 1811. 111111111111 1111111111 1111 (111111011111111
1111 11111 11111 1111111111 111 511111111111 1111111, 1111111 1111 111111
1111111111 1111111111 1111111, 1111111111) 11111111111111 2111111111, 1111 111
1111111 1111111111 1111111111.- 1111 11111111 111 11111 11111111 11 1111
1111111 111 111 11111111 111 1111 11111 11111111 1111 11, velut, 1111111111 1111
1111111, 11111 111 11111111 111 11111111111111111 1111 111 1111111111 1111111
11111 111 1111 1111111111111111111111 1111, 111111 11111111) 11111111 11111
1111111111111111111111111, 011111111111111, (1111111111111111111,
Uvam 1111112111. Aegyptii 11111111 felem 111 deos 111111. (Ξ. Les.
1111, 11. Ficta 111111 11111111· tamquam flosculi decidunt. C. 01121113.
111111 1111111111 1111111 1111111111 111 11111 2111111111 11111111111111111
1111111111. 1111 1. 181, 112. ,

1111. 1. 1111111111 111 11111111, 111111 1111111 111 1111111111 1111111111
111111 111111111 1111111111 1111111111 1111111111 1111111, 11 1111111111 11111
111 1111 1111 111 11111111 11111, 111111, 1111111111, 11111111111111
11 1111111111 111. &it 1111111111 11111111 111111111111111111111111111, 11 11111
1111111111 6111111, 1111111111 1311111, 1111111111111111111
(111 11111111 11111111) 1111111 1111111. 111111 1111111111 11111 111 1111111111
1111111111111111111 111 ῶ1111111 1111111111 1111111111 121311
1111 11111 11111 111111 1111111, 111111111 111 111 111 111111, 11111111 11111 111
1111111111 11111 111 primus 11111 11111111111111- Sd) 1111 1111111 11111

1111 1111111, 1. 1. 11111 11111 111 11111111, 1111111 1111111111 11111 hano pn·- ·

1111111111111111. 31 111111 11111 11111 1111 111 111111111111111 1111111

11111 nit 11111 1111111111 (1.1. 11111 111111111181111 111 11111. 1111111111). 11111111
11111111 111 111 1111111111 11111 11111111111111111111111111111. 1111 11111111111111
111111 111111111111111111 111 111111 91111111, 11111 11 111111 1111111. 511 orie&
1911 niu 1111 111111111111111 111 111111 111111111111111111111111 111 11111111
*v 111111ῑὸ Κάτων, 11 m 111 111. 1111111 11111111 111111 1111111111)
Mum 11111111111111111 11111111) non 1111111111111111 1111111 quui 1111111111·
“a ⁰· 0111111111 11111111111111111111111111111111111111111111111

 

