1111919111, 1613

1811111111 1111 119 197, 919- 11111 1191111 111 91119191 111 9911111977, ’

1711.361,11.-111111’361,9.1.-9191111111111111111119196,
91111111111111119111111 165, 7’. 9 9-111 1111111, 99, 9,.9
9911111111,1111ι1119111169,’1.-111 1111, 9111111961, 59, 1,’3.
· 911916191199111111111607 11111111, 111191. 1111.’361’1, -1, 11191
-·- 66191119 608’.9 111,310,311.- 9119111 numero
515 ι.ιιοο 11111911, 1,370,1. 311,6. 111916-9111119119611
91111. 911,1ι 1111116155. 1111111116,117,91,6-1,1111.-
9111111161,111,991,5, 9111.313,6.·-1.111111. partit. 315,

(31111111111199111191911119111111 -111111’316,9,1.-111,111.
1111111131. . 176,”1. -1, 1111161111. Pus. ’1061

6111911919 6111119111, 1111191119 -111111111 111119111111111- ,
91111116. 616, 9139 687, 9. ’.111116 838,.

91111 1111119911 111 6191111111, 1111111 1111111 1191,11111.”991,9;11’1,9.,3
15111688.1111111111.1)11,6111,461.’
5111,1111.7111.“11)6,5,1,6,,1111111111,61111999579,11.61
51111111·1.11111,388.6.-’1.Α’111,,111. 111111111111066.
11.3,-9111569,1,1,1.-11911111,911111.111 (619. 51, 9.
1111.1,111,565,,9 111111, ’1819111119 619.— 111 91111111

9111,1111.111,1911,9,3. 3113111911 1199-111911,

sn 11111111 7131111171 1111119595 111 11111 111 9111111, 11.

gnarus 1, Gen. 356, 3.- 1, Gon. hauddum 633, 91. 3.

1111111111,189,1,11 1111111 1111119911111111156063.- “

-91(91119111111111119111111111996911, ,19913111168999111
9111111151111111111997, 9, 3. 1911191919 691,1- 1111111111, 11, 9,.1

(3111191111 715. - 9116111111 11111 9111111111311911

5111111,1111133563-611111199 9191611 91. 611. 7,

677 6 ³· 1111151111, 6111111119 111111199ιῴ19 733
511111115111111558115-11111 sm ,

5611, 1,.-1-111 ’1111 111. ..hebes 1111. sing. 195, 9,.11
1169565, 1111111 ’1111,ἳ1111111“11111111.1)’11.333 913,
91111191, 5111111615, 11. 9119919191160 91. 1-111 orat.
511111119111111558,6,5.-11560 1111. 616,-1111111111 111 6111919
Ι l 1)-119019 91175 6 91111911111111655.

51111111ιί 11111 9111111558 6 5-91101 1111911911 715..
560, 1,1,.11 1111991715, ,

18111111111’1117,111111111,11,1“11111911 11 111911, 911111, 1111 6111. 51, 91. 11

1111 91111 11111. 6919, 116-’1111 5119,
6111111191911 11111911113.- -11911 195, 919.
1116111111,111,6.1, m 66191161611119795.'4.
’Ἓξ-’1150111 1611111’111’1’1’1’1”’5’11111111111ἰὶ,61111111”7’15”””
7.-11191191111191111111,1111111.6ι111,335,6.5.
655115161511, 6115111919 911 5111115761ῃ181- ’11111161195791 ,
1119111 5⁰3 51.- 11111111ὲι3 11111111, -9191111119 1 991111911191
119111111119111. 1· 9699 1159111111 1111· ,
611116111”67111’1’111’1’9’ ’9668 6’ 1111115119 1111 611111111111’66,”9””’-’
6111111111, 9. 1111191111. 91111191 1111111 11119111 1511111 69,
111,91111111.,911111.13,11.-11
¹¹· 11111,933,-’11111111ι1111,1111111111,119
11,11111ιιι111111111191119111191113, 1111,1111116;119,9. -911111
’.--3 9119111111 111 911111 1111111119 111 11111, 111111, ’11 91.-9 111
1116. 10,61.1.-111 111619 et 1111 161691- 1111, 911111

1111111111 1119191911 91.- 19111111 199, 91. 19.’ -111111111 11911 311

 

