¹ 1111111. 11111111) 1111111111111.1 551

111111 11111111111111111111111, 1111 111 11111111111111
1111111111 11111111111111111111. 1811111111 , .
1) 1111111111 111 1111111111 1111111111111 Alter (Rosciorum) pturtnu·

11111111111111 votus 11 nubitis· gladiator hubam-3 1111111111 (1111111 &a
1111111111) nuper uu 11 eum 1111111111 11111111, qui 111. C.Rouc.Am. 1,17.

01111111111111111111111111111 11 1111111111. cumba. Homine· , S ἶ

sapienta 11111111111111111 1111111111, qua 1111 ostiu, 1111 rubus 11111111 111·
11111. (1.8.11111. 13, 151. Quum 111111 gradus 1111111 recordor 1111,
quumque vitm 11111111 111111 considero, 111111, 111 tempore 1111 uiui·
11111, viduo 111. C. 01. 11182 (= 111, 11111111111111). Quamdiu 11111·
iste 11111 111 eludet? (2. Cat. 1, 1. Lucu 1111 (Catilina) 111111 111, 11111111
111111(1111111111111111111111 11111 itte 1111 prostratus 111. 111111,
111 tun 111 11161111111111111111111111.

1) 111111111111111111111 111111111111 1111111111 111111111111 uult·
structum 111, 1111 11111 1111 1111111111111111 conspitiendum. 1111111.
1111111111111111111 1111111). Q. Catulus 111 antiquo 1111 muru, 1111111
nostro 1111 eruditus. (11111111. 1ὓ11111. Β. Auta 1111 111 neuneu. 111
111 1111111111111 11111 1111111111. 11 1111111111, 111111111, 11111111
11111111111111111111111. 6111111 11111111111111111111, 11111111111111
1111111 111, 11 proseuta 11111 ludos 1111 fuceret, 1111 11111111111111111. G.
tr. 1,11, 17, 1111111 1111 1111111111, 1111 111 111111 11111, 1111111 1111
1111111111111111111.

1) 1111111111 111111 1111111111111 11111 1111 1111111111 11111111,
1111111 tutiorque est certa 111, quum 1111111 11111111; uuae (pax) iu 111,
illu iu 1111111 mauu 111, 11111. “

11111 1. 1111111111 11111 11111111 111 guest 11111111 111, 1111111119
1111111111, 11 1111111 11111111111111111 1111 11111), tutem 111 &tutan 11 111,
1111111111 (111111111111111111111111, 1111 1111 haee 111111, 11111111
1111111111. 11111111111111111111111111111111111111111111. ¹
111111111111111111 111 11111111 1111111111 111 111 1111111 1111 11 ,111111
1111111 1111111111 (1. Β. 1111.8111,1,1111111; 1.11111.0111.2,1; c. 1111.
mm), 1111111111 11111 1111111111 11111 111111111111111, 1111 illu
111111 11111 1111111111. 111 111 111 11 111111111111111111, 11111111
11111111 11111. Ignavia 111111 11111111, 11111· 11111111 illa 1111111111 senectutem,
1111111111 adolescentium 111111. Cels. 1,1. 11111 1111111111, 111111 1111111111
111 111111 111111111111 1111111111 1111111111 11111, 11111 1111 111 1811111111
1111111111 1111111111. 1111111111111111111111111 111111111,
1111111111111111111111111111111111111111.

111111. 1111 111 111 111111 1111111111 (1111111111111 1111111 11111,
uit 111 iu 11111111 111111111111 1111 1111111111111111,111111,1111111
111111, 11111. 1111111 1111111111 11111 11 11) 11111111 11, 1111111111 111111
tutu 111111 1111111, 11111 111111111111111111ς 1. 18. 1111111111,
1111111113111. 1111111111111111111111, 111111111111111, 11111 111 1111111
1ῖ1111111111111111111111 festinantibus 11 haue uuvu, 1111111 1111111
111111111111111. Quum umunitutum et sanititatem agnoscimus 111111, tutu

 

