111111. 1111111) 111 1111111111. 113

111111111111111, {n 11111 11111 &commotum 11111 111111 (1111111,
1111111111 tt 1111 1111111111 1111111 111 1111111111 mit 1111111 1111111111
1111111 1111111111 in 1111111111 1111111111 1111111 11 1111111111
mit 1111111111111111111 11111111. G. Agr.,2 11. Phil. 1, 1. consensus vu-

111111.11.Ρ1111.5,1.811111111111111.(1.111113.(111111 111, Μ,
91111).1111111111111111111111111111111111,11111111.1111111111111-
ιιιί,1.11112111111111111111111 1111111111111111111111 x
11111111 1111111111111111 ,

3) mie 111 1111111111 1111111 111111 1111111111 1111111111
ς1111111ιί111 1111111111 (meus,' 1111, noster, vester) 111111 ,
11, 11 11111111111111111 1111111111 111111 11 einer atttibu=
11111 1811111111 11 1111111111 111. Tam mihi 1111 vita, quam
111111 1111111.·Ρ1111.1111.3,6,21. 1111111111, 11 1111111
111 1111111111 111 1111 1111111111, 111111 11111 nur 11111111
(1. 1101). Septem Graeciae sapientes omnes, praeter Milesium
Thalen, civitatibus 1111 praefuerunt. C Or. 3, 31.

lun. 1111111111 11111111 1111111111 111111111111111111111111111 ·
πόει, 1111111111 aad) 1111, 1,·,1111 1. 1.

1111 ’.1 -1111 11111111 1111111 11 111 1111111111 11111111 1111 11111111
111 1111111111, 11111 1111111111 111111 1111 111, 1111111113111111
1111111111 1111111111 11111111 1111. 1111 11111 1111111111 111 111111 11
11111 111111, m 111 11111111 111111 Θ 1111111 1111111111111111
111111111.1Β.1111111111,1111111111111111;1111111111,11
111111 111111 11111111111111111 amat, 111111 11111 11111111 11111, 1111
in 1111 111 81111, 11 1111 111 1111111111 111 111111 111 1111111 ς111111 1111
1111111111111111111 11111. 11111111-111111111 1111111111111111111
1111 11111111111111111111111111 1ιῆιί remilium (1111 1111 mei 1) 1111)
1111111 111· 1111111111111·11111111 1111111 11111 eus 111 11111111
(1111111111, 1111111111 1111111111111111 111 1111111 (tn) 1111111
1111,1111111111111 111111111111111111111 1111 1111111111 111111
(ηρ, μ) 1111111 1111 1111111111111111111111 8111111111· 111111 1111111111
1111 ,,1111 11111 111111 1111111111111111 111111111111111111111
11111111 1311111 Su 111111 &imum 11111111111111111 111 11111111
1111111 1111111111 111 11111111 11 1111111111 11 1111· tm 1111111111
11111111111Γ11111 enim· vos 1111 'mea violarat? (1.1. dom.23,59. Tua
11111111111111111111 ’

8111111111 1111 11111111.11111111111113111 11111 101
1111111ῶ1111,)11,1111,1111111111111”111 1111,Μ111111·11111

11111111111111111 111 1111111111111111111111111311ὲ

1111111 1· §- 410), 11 111 11 11111,111111)1111 1111 1111 ge,

1111111111 1111111111 6111111111111111111111 11111 1111 1111 11111 11111111

1111111111111 11111, m 11, 1111111111 111 1111111111111111111111111111·
ouum, Mlmqunmmumlnd mm 111111.11111,1,11

 

